data/WideFieldInstrument/Spectroscopy/Dispersion/Tel_prism_dispersion_18Scas_filterAiming_241106.ecsv
# %ECSV 1.0
# ---
# datatype:
# - {name: SCA, unit: '', datatype: int16, description: Sensor Chip Assembly (SCA)}
# - {name: Wavelength, unit: nm, datatype: int16, description: Wavelength}
# - {name: Image x, unit: mm, datatype: float64, description: Absolute image location (x-coordinate)}
# - {name: Image y, unit: mm, datatype: float64, description: Absolute image location (y-coordinate)}
# - {name: Relative position x, unit: mm, datatype: float64, description: Relative image location (x-coordinate)}
# - {name: Relative position y, unit: mm, datatype: float64, description: Relative image location (y-coordinate)}
# - {name: RSS, unit: mm, datatype: float64, description: Residual sum of squares}
# - {name: Dispersion, unit: nm / pix, datatype: float64, description: Dispersion}
# delimiter: ','
# schema: astropy-2.0
SCA,Wavelength,Image x,Image y,Relative position x,Relative position y,RSS,Dispersion
[from data line 655]
7,1010,-1.02181,0.520016,-0.017380000000000173,-0.7591239999999999,0.7593229298368381,4.6175420806145135
7,1020,-1.02229,0.498799,-0.017859999999999987,-0.780341,0.7805453579908088,4.711996161536782
7,1030,-1.02276,0.478004,-0.018329999999999957,-0.801136,0.8013456678587586,4.807620686174742
7,1040,-1.02322,0.457616,-0.018790000000000084,-0.8215239999999999,0.821738855522848,4.903598282287731
7,1050,-1.02367,0.437626,-0.019240000000000146,-0.8415139999999999,0.8417339186441282,5.001234524414818
7,1060,-1.02412,0.417962,-0.019689999999999985,-0.861178,0.8614030669692324,5.0841042198236615
7,1070,-1.02455,0.398677,-0.020120000000000138,-0.880463,0.8806928572260593,5.18408954522504
7,1080,-1.02498,0.379791,-0.020550000000000068,-0.899349,0.8995837516879681,5.293555591114952
7,1090,-1.02539,0.361293,-0.02096000000000009,-0.917847,0.9180862906116178,5.404663674139401
7,1100,-1.0258,0.343172,-0.02137000000000011,-0.9359679999999999,0.9362119278902613,5.517047398814771
7,1110,-1.02619,0.325895,-0.02176,-0.9532449999999999,0.9534933285686901,5.786567990685121
7,1120,-1.02657,0.308793,-0.02214000000000005,-0.970347,0.9705995466766919,5.845827486159705
7,1130,-1.02695,0.291889,-0.022520000000000095,-0.9872509999999999,0.987507816374635,5.91426572833558
7,1140,-1.02732,0.275248,-0.022890000000000077,-1.003892,1.0041529264828142,6.007770411254987
7,1150,-1.02769,0.258866,-0.02326000000000006,-1.020274,1.020539103942617,6.102704565803173
7,1160,-1.02805,0.242737,-0.023619999999999974,-1.036403,1.0366721192397332,6.198469297793028
7,1170,-1.0284,0.226857,-0.023970000000000047,-1.0522829999999999,1.052555971428123,6.295702000620154
7,1180,-1.02875,0.21122,-0.02432000000000012,-1.06792,1.0681968867207956,6.393487729381629
7,1190,-1.02909,0.195822,-0.024660000000000126,-1.083318,1.0835986363612682,6.492768830446436
7,1200,-1.02943,0.180656,-0.025000000000000133,-1.098484,1.0987684461505072,6.592040466515081
7,1210,-1.02976,0.165749,-0.025330000000000075,-1.113391,1.1136790955122575,6.70661602817418
7,1220,-1.03008,0.151043,-0.025650000000000173,-1.128097,1.1283885695579337,6.798339606805666
7,1230,-1.0304,0.136536,-0.02597000000000005,-1.142604,1.1428990951593232,6.891549124204286
7,1240,-1.03072,0.122225,-0.026290000000000147,-1.156915,1.1572136714215746,6.9858861462569
7,1250,-1.03103,0.108106,-0.026599999999999957,-1.171034,1.1713360701165143,7.0809500680526565
7,1260,-1.03134,0.0941758,-0.02690999999999999,-1.1849642,1.1852697175671199,7.176871695261249
7,1270,-1.03164,0.0804328,-0.027209999999999956,-1.1987071999999999,1.1990159863120424,7.274701364829402
7,1280,-1.03194,0.0668748,-0.027510000000000145,-1.2122652,1.2125773027856988,7.373915371288327
7,1290,-1.03223,0.0534794,-0.027800000000000047,-1.2256605999999999,1.2259758343427327,7.463504457509149
7,1300,-1.03253,0.0401531,-0.028100000000000014,-1.2389869,1.2393055105064328,7.5020577223266836
7,1310,-1.03282,0.026957,-0.028390000000000137,-1.252183,1.2525047934395301,7.576169137889213
7,1320,-1.0331,0.0139136,-0.028669999999999973,-1.2652264,1.2655511890701852,7.664952284984426
7,1330,-1.03338,0.00101539,-0.02895000000000003,-1.2781246099999999,1.2784524321176958,7.751191077614472
7,1340,-1.03366,-0.0117434,-0.02923000000000009,-1.2908834,1.291214291005006,7.835849062665587
7,1350,-1.03394,-0.0243796,-0.029510000000000147,-1.3035196,1.303853591353017,7.91183034239208
7,1360,-1.03421,-0.036886,-0.02978000000000014,-1.316026,1.3163628987008102,7.994047729400486
7,1370,-1.03448,-0.0492844,-0.030050000000000132,-1.3284243999999998,1.3287642337959582,8.063647924417843
7,1380,-1.03475,-0.0615783,-0.030320000000000125,-1.3407183,1.3410610956831497,8.132156066919878
7,1390,-1.03501,-0.0737687,-0.03058000000000005,-1.3529087,1.3532542580519338,8.201317834986892
7,1400,-1.03528,-0.0858565,-0.030850000000000044,-1.3649965,1.3653450726875789,8.270741303500644
7,1410,-1.03554,-0.0979328,-0.03110999999999997,-1.3770727999999999,1.377424164373429,8.278768188931204
7,1420,-1.0358,-0.109862,-0.03137000000000012,-1.3890019999999998,1.3893561936753294,8.380804092064542
7,1430,-1.03605,-0.121713,-0.03161999999999998,-1.400853,1.4012098172682776,8.436238861126819
7,1440,-1.03631,-0.133489,-0.03188000000000013,-1.412629,1.412988685744157,8.489779829427556
7,1450,-1.03656,-0.145186,-0.03212999999999999,-1.424326,1.4246883487893063,8.547254704182246
7,1460,-1.03681,-0.156802,-0.032380000000000075,-1.4359419999999998,1.436307032553973,8.606826902726004
7,1470,-1.03706,-0.16837,-0.03263000000000016,-1.4475099999999999,1.4478777286083242,8.642522414405251
7,1480,-1.03731,-0.179877,-0.03288000000000002,-1.459017,1.459387440225864,8.688314991976767
7,1490,-1.03755,-0.191319,-0.03312000000000004,-1.470459,1.4708319431807972,8.737819404982897
7,1500,-1.0378,-0.202702,-0.03337000000000012,-1.4818419999999999,1.4822176863956251,8.782913694186252
7,1510,-1.03804,-0.214019,-0.03361000000000014,-1.493159,1.4935372212907851,8.834285235761564
7,1520,-1.03828,-0.225288,-0.03385000000000016,-1.5044279999999999,1.5048087684765794,8.87189649758392
7,1530,-1.03852,-0.236506,-0.034090000000000176,-1.5156459999999998,1.5160293286793627,8.912210994170756
7,1540,-1.03876,-0.247678,-0.03432999999999997,-1.526818,1.527203900605286,8.948888661051546
7,1550,-1.039,-0.258813,-0.03456999999999999,-1.537953,1.5383414819567858,8.978610062994875
7,1560,-1.03924,-0.269918,-0.03481000000000001,-1.549058,1.549449070948768,9.002853821129175
7,1570,-1.03947,-0.280978,-0.03503999999999996,-1.560118,1.560511446777626,9.0396494882351
7,1580,-1.03971,-0.291997,-0.03527999999999998,-1.571137,1.571533057612534,9.07308391648863
7,1590,-1.03994,-0.30297,-0.03551000000000015,-1.58211,1.5825084556488158,9.111286868086722
7,1600,-1.04018,-0.31391,-0.03575000000000017,-1.5930499999999999,1.5934510864786529,9.138570198981045
7,1610,-1.04041,-0.324899,-0.03598000000000012,-1.604039,1.6044424807144069,9.098026861297452
7,1620,-1.04065,-0.335848,-0.03622000000000014,-1.6149879999999999,1.615394109356599,9.131061987870925
7,1630,-1.04088,-0.346765,-0.03645000000000009,-1.625905,1.6263135219031415,9.158001822329247
7,1640,-1.04111,-0.357645,-0.036680000000000046,-1.636785,1.6371959438701893,9.189130903286237
7,1650,-1.04134,-0.368497,-0.03691,-1.647637,1.648050372976809,9.212829068920238
7,1660,-1.04157,-0.379324,-0.03714000000000017,-1.658464,1.6588798084538854,9.234091676494018
7,1670,-1.0418,-0.39012,-0.037370000000000125,-1.66926,1.669678251789847,9.260594040158953
7,1680,-1.04203,-0.400899,-0.03760000000000008,-1.6800389999999998,1.6804596994635128,9.275192258666186
7,1690,-1.04226,-0.41166,-0.03783000000000003,-1.6907999999999999,1.6912231517159406,9.290699457271618
7,1700,-1.04248,-0.4224,-0.03805000000000014,-1.70154,1.7019653856938455,9.30905063189694
7,1710,-1.04271,-0.43313,-0.03828000000000009,-1.71227,1.712697845885257,9.317528154450793
7,1720,-1.04294,-0.443846,-0.038510000000000044,-1.722986,1.7234163096292199,9.329695223937788
7,1730,-1.04316,-0.454552,-0.03873000000000015,-1.733692,1.7341245525520939,9.338600246580983
7,1740,-1.04339,-0.465254,-0.038960000000000106,-1.744394,1.7448290199432148,9.341894028557368
7,1750,-1.04362,-0.475947,-0.03919000000000006,-1.755087,1.7555244896238276,9.349753024990202
7,1760,-1.04384,-0.486639,-0.03941000000000017,-1.765779,1.7662187364369681,9.350822152068234
7,1770,-1.04407,-0.497332,-0.03964000000000012,-1.776472,1.7769142062530763,9.349752906543001
7,1780,-1.04429,-0.508022,-0.03986000000000001,-1.787162,1.7876064538493923,9.352570551626068
7,1790,-1.04451,-0.518718,-0.040080000000000116,-1.797858,1.7983047001451116,9.347326396851937
7,1800,-1.04474,-0.529419,-0.04031000000000007,-1.8085589999999998,1.8090081681907904,9.342766248587258
8,764,-1.07947,0.928296,0.0,0.0,0.0,nan
8,770,-1.08028,0.904635,-0.0008099999999999774,-0.023661000000000043,0.02367486052757232,2.1575628688714117
8,780,-1.08182,0.859655,-0.0023500000000000743,-0.06864100000000006,0.0686812156342621,2.221908434107696
8,790,-1.0833,0.816359,-0.00383,-0.11193700000000006,0.11200250385147653,2.308333941931657
8,800,-1.08472,0.774644,-0.005249999999999977,-0.153652,0.15374166515294416,2.3958315615815646
8,810,-1.0861,0.734256,-0.006630000000000136,-0.19404,0.1941532345854686,2.474538885874524
8,820,-1.08742,0.695327,-0.007950000000000124,-0.23296899999999998,0.23310460626293938,2.567303683886422
8,830,-1.08871,0.657774,-0.009240000000000137,-0.27052200000000004,0.2706797555858214,2.6613334025822035
8,840,-1.08994,0.621512,-0.01046999999999998,-0.30678400000000006,0.3069626093777547,2.7561227838763007
8,850,-1.09113,0.586467,-0.011660000000000004,-0.34182900000000005,0.34202780711661446,2.8518304885866534
8,860,-1.09229,0.552566,-0.012820000000000054,-0.37573,0.3759486471580926,2.9480401982297817
8,870,-1.0934,0.519725,-0.013929999999999998,-0.408571,0.4088083988141633,3.043236633272773
8,880,-1.09449,0.48775,-0.015020000000000033,-0.440546,0.4408019719964964,3.125627744987865
8,890,-1.09554,0.456783,-0.01607000000000003,-0.471513,0.4717867675857389,3.227389372699901
8,900,-1.09656,0.426791,-0.01709000000000005,-0.5015050000000001,0.5017961071241985,3.3322959298001584
8,910,-1.09755,0.397688,-0.018080000000000096,-0.530608,0.5309159406761111,3.434085563082895
8,920,-1.0985,0.369436,-0.019030000000000102,-0.55886,0.5591839057948647,3.5375733477772715
8,930,-1.09943,0.341987,-0.019959999999999978,-0.586309,0.5866486555690722,3.641030805746176
8,940,-1.10034,0.315296,-0.020870000000000166,-0.613,0.613355163750987,3.7444056452021837
8,950,-1.10122,0.289321,-0.021750000000000158,-0.6389750000000001,0.6393450657704336,3.8476482106464367
8,960,-1.10208,0.263944,-0.02261000000000002,-0.664352,0.6647366335655047,3.9383153024293156
8,970,-1.10291,0.239245,-0.023440000000000127,-0.689051,0.6894495733561664,4.046463142267967
8,980,-1.10371,0.215624,-0.02424000000000004,-0.712672,0.7130841164855658,4.2310951158437415
8,990,-1.10448,0.192567,-0.025009999999999977,-0.7357290000000001,0.7361539659208528,4.334662013313479
8,1000,-1.10524,0.169946,-0.02577000000000007,-0.75835,0.7587877274969594,4.418178554357715
8,1010,-1.10599,0.147682,-0.0265200000000001,-0.780614,0.7810643554765511,4.489009741133775
8,1020,-1.10673,0.125863,-0.027260000000000062,-0.802433,0.8028959005306976,4.580527844088923
8,1030,-1.10745,0.104475,-0.027980000000000116,-0.823821,0.8242960150583042,4.672872188183756
8,1040,-1.10815,0.083509,-0.02868000000000004,-0.844787,0.8452736940003516,4.766971611886066
8,1050,-1.10884,0.0629515,-0.029370000000000118,-0.8653445,0.865842768971509,4.8616673399374
8,1060,-1.10952,0.0427289,-0.030050000000000132,-0.8855671,0.8860767975194984,4.9421695616781545
8,1070,-1.11019,0.0228955,-0.03072000000000008,-0.9054005,0.9059215108386874,5.039125453291589
8,1080,-1.11084,0.00347229,-0.03137000000000012,-0.92482371,0.9253555919094908,5.145599611099402
8,1090,-1.11148,-0.0155518,-0.032010000000000094,-0.9438478,0.9443904434421391,5.253521406693484
8,1100,-1.1121,-0.0341878,-0.03263000000000016,-0.9624838,0.9630367501619239,5.362992334234963
8,1110,-1.11269,-0.0519565,-0.03322000000000003,-0.9802525,0.9808152385420252,5.6247751699703326
8,1120,-1.11328,-0.0695443,-0.03381000000000012,-0.9978403,0.9984129308077345,5.682563286713404
8,1130,-1.11386,-0.0869296,-0.03439000000000014,-1.0152256,1.0158079006364147,5.748788355765
8,1140,-1.11443,-0.104044,-0.0349600000000001,-1.03234,1.0329317872928494,5.839795719648878
8,1150,-1.11499,-0.120892,-0.035519999999999996,-1.049188,1.0497890882191527,5.932147764175269
8,1160,-1.11555,-0.137479,-0.03608000000000011,-1.065775,1.066385538642099,6.025384793229011
8,1170,-1.11609,-0.153812,-0.0366200000000001,-1.082108,1.082727457887718,6.119232294383598
8,1180,-1.11662,-0.169894,-0.037150000000000016,-1.09819,1.0988181826853796,6.214760444758372
8,1190,-1.11715,-0.185731,-0.03768000000000016,-1.114027,1.1146640476524754,6.310794658900062
8,1200,-1.11767,-0.201328,-0.03820000000000001,-1.129624,1.1302697117838734,6.407929784853183
8,1210,-1.11818,-0.21666,-0.03871000000000002,-1.144956,1.1456101893907893,6.5187018659
8,1220,-1.11868,-0.231784,-0.03920999999999997,-1.16008,1.1607424479616484,6.608398840908967
8,1230,-1.11917,-0.246704,-0.03970000000000007,-1.175,1.175670485297645,6.698804253313732
8,1240,-1.11966,-0.261423,-0.04019000000000017,-1.189719,1.1903976373720673,6.790179085179477
8,1250,-1.12014,-0.275945,-0.040669999999999984,-1.2042410000000001,1.2049275642050026,6.882347113636375
8,1260,-1.12061,-0.290271,-0.041140000000000176,-1.218567,1.2192612653115,6.976565177201169
8,1270,-1.12108,-0.304405,-0.04161000000000015,-1.232701,1.2334030758438217,7.071230361306713
8,1280,-1.12154,-0.318349,-0.04207000000000005,-1.246645,1.2473546572346617,7.1676462473032565
8,1290,-1.12199,-0.332126,-0.04252000000000011,-1.260422,1.261138996496421,7.254609604496665
8,1300,-1.12244,-0.345832,-0.042970000000000175,-1.274128,1.2748523762710724,7.292148372120925
8,1310,-1.12289,-0.359404,-0.043420000000000014,-1.2877,1.2884318322674273,7.364065248773052
8,1320,-1.12333,-0.372819,-0.04386000000000001,-1.301115,1.3018540405225925,7.4503388785908475
8,1330,-1.12376,-0.386085,-0.04429000000000016,-1.314381,1.3151269966284627,7.534116680742521
8,1340,-1.12419,-0.399207,-0.04472000000000009,-1.327503,1.3282560345840708,7.616704311322698
8,1350,-1.12462,-0.412203,-0.04515000000000002,-1.3404989999999999,1.3412591440512156,7.690468210905401
8,1360,-1.12504,-0.425066,-0.04557000000000011,-1.353362,1.3541289923578181,7.77009935297354
8,1370,-1.12546,-0.437818,-0.045989999999999975,-1.366114,1.366887903632189,7.837659330766894
8,1380,-1.12587,-0.450462,-0.0464,-1.378758,1.379538539716814,7.9047408629148075
8,1390,-1.12628,-0.462999,-0.04681000000000002,-1.391295,1.3920822364806613,7.972131492225994
8,1400,-1.12669,-0.475431,-0.04722000000000004,-1.403727,1.4045209926978663,8.039389007534538
8,1410,-1.12709,-0.487852,-0.047619999999999996,-1.416148,1.4169484190696569,8.046718363746965
8,1420,-1.12749,-0.500121,-0.048020000000000174,-1.428417,1.4292239314708526,8.146299456327315
8,1430,-1.12789,-0.51231,-0.04842000000000013,-1.440606,1.441419489127298,8.199707042272841
8,1440,-1.12828,-0.524421,-0.04881000000000002,-1.452717,1.4535367550182554,8.252686777685195
8,1450,-1.12867,-0.536451,-0.04920000000000013,-1.464747,1.4655730667588702,8.308192921139147
8,1460,-1.12906,-0.548398,-0.04959000000000002,-1.4766940000000002,1.4775264253934683,8.365849553828104
8,1470,-1.12945,-0.560296,-0.049980000000000135,-1.4885920000000001,1.4894308117076136,8.400265025100548
8,1480,-1.12983,-0.572131,-0.05035999999999996,-1.500427,1.5012718980681015,8.44517107262107
8,1490,-1.13021,-0.583898,-0.05074000000000001,-1.512194,1.513045022871428,8.493921679293178
8,1500,-1.13059,-0.595606,-0.051120000000000054,-1.523902,1.5247591809869518,8.536678352281964
8,1510,-1.13097,-0.607245,-0.0515000000000001,-1.535541,1.5364043779815912,8.587231289091353
8,1520,-1.13135,-0.618836,-0.05188000000000015,-1.547132,1.5480016020095069,8.622753148450906
8,1530,-1.13172,-0.630374,-0.05225000000000013,-1.55867,1.5595455207848214,8.662569613174965
8,1540,-1.13209,-0.641864,-0.05262000000000011,-1.57016,1.5710414666710741,8.698718747413729
8,1550,-1.13246,-0.653317,-0.05299000000000009,-1.581613,1.5825004334498616,8.726790288380762
8,1560,-1.13283,-0.664739,-0.053360000000000074,-1.593035,1.5939284177230169,8.750449563962333
8,1570,-1.1332,-0.676114,-0.053730000000000055,-1.6044100000000001,1.6053094284280525,8.786565850057086
8,1580,-1.13356,-0.687447,-0.05408999999999997,-1.6157430000000002,1.6166481281184848,8.819353429421952
8,1590,-1.13393,-0.698732,-0.054460000000000175,-1.6270280000000001,1.6279391893998991,8.85656339184034
8,1600,-1.13429,-0.709985,-0.05482000000000009,-1.638281,1.6391979341620098,8.8819848138429
8,1610,-1.13465,-0.721287,-0.05518000000000001,-1.649583,1.6505056516985939,8.843517683959456
8,1620,-1.13502,-0.732548,-0.05554999999999999,-1.660844,1.661772726589289,8.875418062818126
