data/WideFieldInstrument/Spectroscopy/Dispersion/Tel_prism_dispersion_18Scas_filterAiming_241106.ecsv
# %ECSV 1.0
# ---
# datatype:
# - {name: SCA, unit: '', datatype: int16, description: Sensor Chip Assembly (SCA)}
# - {name: Wavelength, unit: nm, datatype: int16, description: Wavelength}
# - {name: Image x, unit: mm, datatype: float64, description: Absolute image location (x-coordinate)}
# - {name: Image y, unit: mm, datatype: float64, description: Absolute image location (y-coordinate)}
# - {name: Relative position x, unit: mm, datatype: float64, description: Relative image location (x-coordinate)}
# - {name: Relative position y, unit: mm, datatype: float64, description: Relative image location (y-coordinate)}
# - {name: RSS, unit: mm, datatype: float64, description: Residual sum of squares}
# - {name: Dispersion, unit: nm / pix, datatype: float64, description: Dispersion}
# delimiter: ','
# schema: astropy-2.0
SCA,Wavelength,Image x,Image y,Relative position x,Relative position y,RSS,Dispersion
[from data line 1162]
12,830,0.177743,0.0121164,0.0036619999999999986,-0.2863966,0.2864200110599118,2.5150117719970106
12,840,0.178233,-0.026277,0.004151999999999989,-0.32478999999999997,0.32481653776247293,2.6044022360316736
12,850,0.178706,-0.0633804,0.00462499999999999,-0.3618934,0.36192295255835877,2.6949518176325533
12,860,0.179165,-0.0992716,0.005083999999999977,-0.3977846,0.3978170874323525,2.7859704754286385
12,870,0.179609,-0.134043,0.005527999999999977,-0.43255599999999994,0.43259132205812906,2.875692335896145
12,880,0.180041,-0.167897,0.005959999999999993,-0.46641,0.46644807824665757,2.9536202299818197
12,890,0.18046,-0.200685,0.006378999999999996,-0.499198,0.49923875535158524,3.0496473031040994
12,900,0.180865,-0.232441,0.0067839999999999845,-0.5309539999999999,0.5309973378200684,3.148755146714711
12,910,0.181259,-0.263255,0.00717799999999999,-0.561768,0.5618138566358079,3.2450128646239342
12,920,0.181641,-0.293168,0.007559999999999983,-0.5916809999999999,0.5917292956758182,3.3427555539551035
12,930,0.182012,-0.32223,0.007930999999999994,-0.620743,0.620793663635511,3.4406390718243904
12,940,0.182372,-0.35049,0.008290999999999993,-0.649003,0.6490559565168477,3.538283338151812
12,950,0.182723,-0.377993,0.008641999999999983,-0.676506,0.6765611961973581,3.6356709180344873
12,960,0.183066,-0.404862,0.008984999999999993,-0.703375,0.7034323854145471,3.721457922525879
12,970,0.1834,-0.431014,0.009318999999999994,-0.729527,0.7295865181662831,3.8234875133973856
12,980,0.183718,-0.456023,0.009636999999999979,-0.754536,0.7545975397952209,3.9982373164756906
12,990,0.18403,-0.480437,0.009948999999999986,-0.77895,0.779013533323395,4.0956760528547935
12,1000,0.184335,-0.504388,0.010253999999999985,-0.8029009999999999,0.8029664752136292,4.174852527854655
12,1010,0.184635,-0.527962,0.01055399999999998,-0.8264750000000001,0.8265423839955215,4.241618040056463
12,1020,0.18493,-0.551066,0.010848999999999998,-0.8495789999999999,0.8496482672506311,4.327902071343061
12,1030,0.185219,-0.573712,0.011137999999999981,-0.872225,0.8722961112311577,4.415431335803253
12,1040,0.185502,-0.595912,0.011420999999999987,-0.894425,0.8944979149590009,4.504138547742875
12,1050,0.185779,-0.617679,0.011697999999999986,-0.9161919999999999,0.9162666773750968,4.59373840774979
12,1060,0.186052,-0.639091,0.011970999999999982,-0.9376039999999999,0.9376804176567834,4.6698987979004105
12,1070,0.186319,-0.660092,0.012237999999999999,-0.9586049999999999,0.9586831148346151,4.7612932354969155
12,1080,0.186581,-0.680658,0.012499999999999983,-0.979171,0.9792507836305264,4.8619997235602685
12,1090,0.186838,-0.700802,0.01275699999999999,-0.999315,0.9993964229843931,4.963853380052008
12,1100,0.187089,-0.720534,0.013007999999999992,-1.019047,1.0191300193169663,5.067500029628925
12,1110,0.187329,-0.739349,0.013247999999999982,-1.037862,1.0379465499475393,5.314475976645802
12,1120,0.187565,-0.757971,0.013483999999999996,-1.056484,1.0565700452464095,5.369561319999181
12,1130,0.1878,-0.776379,0.013718999999999981,-1.074892,1.074979545212373,5.4319780648516245
12,1140,0.18803,-0.794501,0.01394899999999999,-1.093014,1.093103004660128,5.5177103625426716
12,1150,0.188257,-0.81234,0.014175999999999994,-1.1108529999999999,1.110943448869023,5.605241597635834
12,1160,0.18848,-0.829904,0.014398999999999995,-1.128417,1.1285088644268595,5.693005079825011
12,1170,0.1887,-0.847197,0.014618999999999993,-1.14571,1.145803263767825,5.782218741944292
12,1180,0.188916,-0.864226,0.014834999999999987,-1.162739,1.1628336335632883,5.8718631010959745
12,1190,0.189129,-0.880995,0.015047999999999978,-1.179508,1.1796039862462315,5.962903815475972
12,1200,0.189339,-0.897509,0.015257999999999994,-1.196022,1.1961193214090307,6.054978540505221
12,1210,0.189545,-0.913743,0.015463999999999978,-1.212256,1.2123546283295166,6.159415432659221
12,1220,0.189749,-0.929757,0.015667999999999987,-1.22827,1.228369927637436,6.244029416955744
12,1230,0.18995,-0.945555,0.015868999999999994,-1.244068,1.2441692062517058,6.329402907654331
12,1240,0.190147,-0.96114,0.016065999999999997,-1.259653,1.2597554511749491,6.41591355021457
12,1250,0.190342,-0.976515,0.016260999999999998,-1.275028,1.2751316876719048,6.503542009112515
12,1260,0.190535,-0.991684,0.016453999999999996,-1.290197,1.2903019154155357,6.591858849448305
12,1270,0.190725,-1.00665,0.016643999999999992,-1.305163,1.3052691214094512,6.681273715391681
12,1280,0.190912,-1.02141,0.016830999999999985,-1.319923,1.3200303058983154,6.774524095640135
12,1290,0.191097,-1.036,0.017015999999999976,-1.334513,1.3346214787066033,6.853458684499923
12,1300,0.191281,-1.05051,0.017199999999999993,-1.349023,1.3491326452684334,6.891244723428266
12,1310,0.191464,-1.06488,0.017382999999999982,-1.363393,1.3635038104596555,6.958378020807907
12,1320,0.191644,-1.07909,0.017562999999999995,-1.3776030000000001,1.3777149504081025,7.036733179939436
12,1330,0.191822,-1.09313,0.01774099999999998,-1.391643,1.3917560786754264,7.121934797271061
12,1340,0.191998,-1.10703,0.01791699999999999,-1.405543,1.405657192824054,7.193667998897237
12,1350,0.192172,-1.12079,0.018090999999999996,-1.419303,1.419418292854506,7.266860918001406
12,1360,0.192344,-1.13441,0.018262999999999974,-1.432923,1.4330393787673805,7.341558568798196
12,1370,0.192515,-1.14791,0.018433999999999978,-1.446423,1.4465404616826314,7.406813262885723
12,1380,0.192685,-1.1613,0.01860399999999998,-1.459813,1.4599315407871016,7.467658074442842
12,1390,0.192853,-1.17457,0.018771999999999983,-1.473083,1.4732026041495447,7.535191210298822
12,1400,0.193019,-1.18774,0.018937999999999983,-1.486253,1.4863736501475664,7.592411416300603
12,1410,0.193186,-1.20089,0.019104999999999983,-1.499403,1.4995247105113008,7.603949585370472
12,1420,0.19335,-1.21388,0.01926899999999998,-1.512393,1.5125157456403553,7.697616010316945
12,1430,0.193513,-1.22678,0.019431999999999977,-1.525293,1.525416775334859,7.751319264275691
12,1440,0.193675,-1.23961,0.019594,-1.5381230000000001,1.5382477979717704,7.793611065132713
12,1450,0.193836,-1.25234,0.019754999999999995,-1.550853,1.5509788159849252,7.854831396567919
12,1460,0.193996,-1.26499,0.01991499999999999,-1.563503,1.5636298277514407,7.904506125326543
12,1470,0.194155,-1.27759,0.02007399999999998,-1.576103,1.5762308308382373,7.935876160904993
12,1480,0.194314,-1.29012,0.020232999999999973,-1.588633,1.588761839602777,7.980203499895486
12,1490,0.194471,-1.30258,0.02038999999999999,-1.601093,1.601222828574774,8.025045221107613
12,1500,0.194628,-1.31498,0.020546999999999982,-1.613493,1.6136238224127704,8.063869824175116
12,1510,0.194784,-1.3273,0.020703,-1.625813,1.6259448100037097,8.116232506681387
12,1520,0.194939,-1.33957,0.020857999999999988,-1.638083,1.638215788915795,8.14930909069644
12,1530,0.195093,-1.35179,0.021011999999999975,-1.650303,1.650436759149832,8.182656375472288
12,1540,0.195247,-1.36395,0.02116599999999999,-1.662463,1.662597734247524,8.223024814759958
12,1550,0.1954,-1.37608,0.021318999999999977,-1.674593,1.6747286990465053,8.243367420239908
12,1560,0.195552,-1.38817,0.02147099999999999,-1.686683,1.6868196543584615,8.270645074762207
12,1570,0.195704,-1.40022,0.021622999999999976,-1.698733,1.6988706129125903,8.298095089351907
12,1580,0.195855,-1.41222,0.021773999999999988,-1.710733,1.7108715627904394,8.332673748148602
12,1590,0.196006,-1.42416,0.021925,-1.7226730000000001,1.7228125175288227,8.374539740826377
12,1600,0.196156,-1.43608,0.022074999999999984,-1.734593,1.7347334611616854,8.388597671440062
12,1610,0.196307,-1.44805,0.022225999999999996,-1.746563,1.7467044134726974,8.353554287239952
12,1620,0.196458,-1.45997,0.02237699999999998,-1.758483,1.7586253698323586,8.388588715783394
12,1630,0.196607,-1.47186,0.02252599999999999,-1.770373,1.7705163031740205,8.409768781533149
12,1640,0.196756,-1.4837,0.022674999999999973,-1.782213,1.7823572405648649,8.445277320469744
12,1650,0.196905,-1.49552,0.022823999999999983,-1.794033,1.7941781795755403,8.459564837420356
12,1660,0.197054,-1.50731,0.022972999999999993,-1.805823,1.8059691210145317,8.481086986770247
12,1670,0.197202,-1.51907,0.023120999999999975,-1.817583,1.8177300521612114,8.502728121848682
12,1680,0.19735,-1.53081,0.023268999999999984,-1.829323,1.8294709849270636,8.517210854902777
12,1690,0.197498,-1.54253,0.023416999999999993,-1.841043,1.8411919193115094,8.531743009559435
12,1700,0.197645,-1.55422,0.023563999999999974,-1.852733,1.8528828434051086,8.553643766684823
12,1710,0.197793,-1.56591,0.023711999999999983,-1.864423,1.8645737802170768,8.553634461322927
12,1720,0.19794,-1.57758,0.02385899999999999,-1.876093,1.876244705929906,8.568300618182693
12,1730,0.198087,-1.58924,0.024006,-1.887753,1.8879056324522685,8.57564789626519
12,1740,0.198233,-1.60089,0.02415199999999998,-1.899403,1.8995565470690783,8.583017152638073
12,1750,0.19838,-1.61253,0.024298999999999987,-1.911043,1.9111974752102412,8.590380319108315
12,1760,0.198527,-1.62418,0.024445999999999996,-1.922693,1.9228484025437367,8.583007784496946
12,1770,0.198673,-1.63582,0.024591999999999975,-1.934333,1.9344893179733509,8.590389699559402
12,1780,0.19882,-1.64746,0.024738999999999983,-1.945973,1.9461302461166365,8.590380317541841
12,1790,0.198966,-1.65911,0.02488499999999999,-1.9576230000000001,1.9577811607414144,8.58301714676814
12,1800,0.199113,-1.67076,0.025032,-1.969273,1.9694320880784388,8.583007781897233
13,764,0.497499,1.25219,0.0,0.0,0.0,nan
13,770,0.497952,1.22918,0.0004529999999999812,-0.023009999999999975,0.02301445869448158,2.2194743173450115
13,780,0.498811,1.18544,0.0013119999999999798,-0.06674999999999986,0.06676289271743685,2.285796102953741
13,790,0.499638,1.14333,0.002139000000000002,-0.10885999999999996,0.10888101267438687,2.3742750175509375
13,800,0.500435,1.10277,0.0029359999999999387,-0.1494199999999999,0.14944884240434908,2.4650073880127463
13,810,0.501207,1.0635,0.0037079999999999336,-0.18869000000000002,0.188726429956167,2.545981213028232
13,820,0.501951,1.02564,0.0044520000000000115,-0.2265499999999998,0.22659373955164763,2.6408002329253084
13,830,0.502669,0.989123,0.005170000000000008,-0.26306699999999994,0.263117797552731,2.7379213995617295
13,840,0.503361,0.95386,0.005861999999999923,-0.2983299999999999,0.29838758677934296,2.8352877120271383
13,850,0.50403,0.91978,0.0065309999999999535,-0.33240999999999987,0.332474152470534,2.933707106370145
13,860,0.504676,0.886814,0.007176999999999989,-0.3653759999999999,0.3654464813142958,3.032846132095991
13,870,0.505303,0.854878,0.007803999999999922,-0.3973119999999999,0.39738863567042265,3.130659218695402
13,880,0.505908,0.823784,0.008409,-0.42840599999999995,0.4284885204028224,3.215446001181486
13,890,0.506499,0.79367,0.009000000000000008,-0.4585199999999999,0.45860831915699035,3.3200753038285877
13,900,0.50707,0.764504,0.009570999999999996,-0.48768599999999995,0.4877799079882237,3.4279929207329416
13,910,0.507625,0.736203,0.010125999999999968,-0.5159869999999999,0.5160863494077322,3.5327648049422726
13,920,0.508162,0.708729,0.010662999999999978,-0.5434609999999999,0.5435655968602132,3.6391098472739083
13,930,0.508685,0.682037,0.01118600000000003,-0.5701529999999999,0.5702627201606291,3.7457219219736064
13,940,0.509192,0.656081,0.011692999999999953,-0.5961089999999999,0.5962236712258243,3.8519390044252186
13,950,0.509686,0.630821,0.012186999999999948,-0.621369,0.6214885012049699,3.9580713617524146
13,960,0.510169,0.606143,0.012669999999999959,-0.6460469999999999,0.6461712273917803,4.05141633234324
13,970,0.510639,0.582124,0.01313999999999993,-0.6700659999999999,0.6701948253724435,4.1625738193126285
13,980,0.511087,0.559153,0.013587999999999933,-0.6930369999999999,0.6931701934683862,4.352487393560383
13,990,0.511524,0.536731,0.014024999999999954,-0.715459,0.7155964514347454,4.4590586690836345
13,1000,0.511953,0.514732,0.014453999999999967,-0.737458,0.7375996338665034,4.544797113333306
13,1010,0.512375,0.49308,0.014876,-0.75911,0.7592557457642318,4.617634064334942
13,1020,0.512789,0.471861,0.015290000000000026,-0.7803289999999999,0.7804787840428462,4.7118607000189066
13,1030,0.513195,0.451063,0.015695999999999932,-0.8011269999999999,0.8012807463960431,4.8072387740203695
13,1040,0.513593,0.430673,0.01609399999999994,-0.8215169999999999,0.8216746303282096,4.903430868421951
13,1050,0.513983,0.410681,0.016483999999999943,-0.8415089999999998,0.8416704339211398,5.001049321936554
13,1060,0.514366,0.391015,0.016866999999999965,-0.8611749999999999,0.8613401629518966,5.083954122786022
13,1070,0.514742,0.371727,0.01724300000000001,-0.880463,0.8806318273932643,5.183585911102996
13,1080,0.515111,0.352838,0.01761199999999996,-0.8993519999999999,0.8995244312679894,5.293076627398185
13,1090,0.515471,0.334337,0.017971999999999988,-0.9178529999999999,0.9180289333092939,5.404090300662335
13,1100,0.515823,0.316214,0.018324000000000007,-0.9359759999999999,0.936155351184834,5.5168098124307825
13,1110,0.516158,0.298933,0.01865899999999998,-0.9532569999999999,0.9534395976305996,5.785615260334263
13,1120,0.51649,0.281828,0.01899099999999998,-0.970362,0.9705478190820893,5.845142949753694
13,1130,0.516818,0.26492,0.019318999999999975,-0.9872699999999999,0.9874589999898729,5.91324760496022
13,1140,0.517141,0.248276,0.019641999999999937,-1.003914,1.0041061336133745,6.007040146468489
13,1150,0.517459,0.231891,0.019959999999999978,-1.0202989999999998,1.0204942189944046,6.101994081368056
13,1160,0.517772,0.215758,0.020272999999999985,-1.036432,1.0366302547933859,6.1973090073531845
13,1170,0.518079,0.199874,0.02057999999999993,-1.0523159999999998,1.0525172208833449,6.294468020750849
13,1180,0.518382,0.184233,0.020882999999999985,-1.0679569999999998,1.0681611552279926,6.3922538791664705
13,1190,0.51868,0.168831,0.021181000000000005,-1.083359,1.083566037508559,6.49144850176184
13,1200,0.518973,0.153662,0.021473999999999993,-1.098528,1.0987378665814698,6.591163103633249
13,1210,0.519262,0.13875,0.021762999999999977,-1.11344,1.113652666574727,6.704749647679365
13,1220,0.519546,0.124041,0.022046999999999928,-1.1281489999999998,1.1283644076316834,6.797292014102942
13,1230,0.519826,0.10953,0.022326999999999986,-1.14266,1.142878108342705,6.8900414850128735
13,1240,0.520102,0.0952138,0.02260299999999993,-1.1569762,1.157196968098102,6.983796315367147
13,1250,0.520375,0.0810904,0.022876000000000007,-1.1710995999999998,1.1713230060475033,7.079125821280875
13,1260,0.520643,0.0671562,0.023143999999999942,-1.1850337999999998,1.18525978244368,7.175260415847216
13,1270,0.520908,0.0534091,0.023409000000000013,-1.1987808999999998,1.1990094359452763,7.272910549228713
13,1280,0.521169,0.0398465,0.02366999999999997,-1.2123435,1.2125745465299236,7.371852914577644
13,1290,0.521426,0.0264466,0.02392699999999992,-1.2257433999999998,1.2259769100487006,7.461370515722685
13,1300,0.521683,0.0131157,0.024183999999999983,-1.2390743,1.239310286722615,7.49997562100244
13,1310,0.521937,-8.5e-05,0.02443799999999996,-1.2522749999999998,1.2525134296561453,7.57395420949675
13,1320,0.522188,-0.0131326,0.02468899999999996,-1.2653226,1.2655634432108727,7.662827289844091
13,1330,0.522435,-0.0260358,0.024935999999999958,-1.2782258,1.2784690062264474,7.7485964679973565
13,1340,0.522681,-0.0387994,0.025181999999999927,-1.2909894,1.2912349763061564,7.833325581652947
13,1350,0.522923,-0.0514405,0.025424000000000002,-1.3036305,1.3038783916862222,7.909255291704187
13,1360,0.523163,-0.0639515,0.02566400000000002,-1.3161414999999999,1.316391692817244,7.9914963248258015
13,1370,0.523401,-0.0763549,0.02590199999999998,-1.3285448999999998,1.3287973754188445,8.06082206126246
13,1380,0.523636,-0.0886534,0.026136999999999966,-1.3408433999999998,1.3410981194873697,8.129589514497507
13,1390,0.52387,-0.100849,0.026370999999999922,-1.3530389999999999,1.3532959636243653,8.198170010772918
13,1400,0.524101,-0.112942,0.026602000000000015,-1.365132,1.3653911687966933,8.267739039994543
13,1410,0.524332,-0.125024,0.026832999999999996,-1.377214,1.3774753760721097,8.275263550256707
