data/WideFieldInstrument/Spectroscopy/Dispersion/Tel_Grism_dispersion_18Scas_filterAiming_241106.ecsv
# %ECSV 1.0
# ---
# datatype:
# - {name: SCA, unit: '', datatype: int16, description: Sensor Chip Assembly (SCA)}
# - {name: Wavelength, unit: nm, datatype: int16, description: Wavelength}
# - {name: Image x, unit: mm, datatype: float64, description: Absolute image location (x-coordinate)}
# - {name: Image y, unit: mm, datatype: float64, description: Absolute image location (y-coordinate)}
# - {name: Relative position x, unit: mm, datatype: float64, description: Relative image location (x-coordinate)}
# - {name: Relative position y, unit: mm, datatype: float64, description: Relative image location (y-coordinate)}
# - {name: RSS, unit: mm, datatype: float64, description: Residual sum of squares}
# - {name: Dispersion, unit: nm / pix, datatype: float64, description: Dispersion}
# delimiter: ','
# schema: astropy-2.0
SCA,Wavelength,Image x,Image y,Relative position x,Relative position y,RSS,Dispersion
[from data line 172]
2,1780,0.30401,2.66179,0.06392800000000001,7.4059099999999995,7.406185908906418,1.0521512069845729
2,1790,0.30481,2.75685,0.06472800000000004,7.50097,7.5012492729467395,1.0519299522956604
2,1800,0.30561,2.85192,0.065528,7.5960399999999995,7.59632263666993,1.0518193117806756
2,1810,0.30641,2.947,0.06632800000000003,7.69112,7.691406000074628,1.0517086945523313
2,1820,0.307209,3.04209,0.06712700000000002,7.78621,7.786499354538533,1.0515981959386833
2,1830,0.308007,3.13719,0.06792499999999999,7.881309999999999,7.881602700068368,1.0514877204675093
2,1840,0.308806,3.2323,0.06872400000000004,7.976419999999999,7.97671605390188,1.0513770776608444
2,1850,0.309603,3.32743,0.06952100000000003,8.07155,8.071849389820217,1.0511562433366184
2,1860,0.3104,3.42257,0.07031800000000002,8.16669,8.166992725429843,1.051045765415471
2,1870,0.311196,3.51772,0.07111399999999998,8.26184,8.262146052122052,1.0509354057947795
2,1880,0.311992,3.61288,0.07191,8.357,8.357309378508132,1.0508249742584366
2,1890,0.312787,3.70806,0.07270499999999999,8.45218,8.452492695615003,1.0506042764586663
2,1900,0.313581,3.80325,0.07349900000000001,8.547369999999999,8.547686003820038,1.0504940093542297
2,1910,0.314375,3.89845,0.07429300000000003,8.64257,8.642889311726083,1.0503836704780103
2,1920,0.315167,3.99367,0.07508499999999999,8.73779,8.738112601776486,1.050163252572658
2,1930,0.31596,4.0889,0.07587800000000003,8.83302,8.833345900126634,1.0500528883534577
3,1000,0.235658,-4.27414,0.0,0.0,0.0,nan
3,1010,0.236665,-4.17429,0.0010069999999999801,0.09985,0.09985507773268218,1.0014513259676767
3,1020,0.23767,-4.07448,0.002011999999999986,0.19965999999999973,0.1996701373365579,1.001852830593482
3,1030,0.238675,-3.9747,0.003016999999999992,0.29944000000000015,0.2994551984671498,1.0021540185171285
3,1040,0.23968,-3.87495,0.004021999999999998,0.39918999999999993,0.39921026112062796,1.0024553876265176
3,1050,0.240684,-3.77523,0.005026000000000003,0.49890999999999996,0.49893531522232415,1.0027570393496446
3,1060,0.241688,-3.67554,0.00602999999999998,0.5986000000000002,0.5986303708466522,1.0030587713077876
3,1070,0.242692,-3.57588,0.007033999999999985,0.6982599999999999,0.6982954279930521,1.0033606849099383
3,1080,0.243696,-3.47625,0.00803799999999999,0.7978900000000002,0.7979304866615891,1.0036627803138767
3,1090,0.2447,-3.37665,0.009041999999999994,0.8974899999999999,0.8975355468526023,1.0039650576810997
3,1100,0.245703,-3.27708,0.010044999999999998,0.9970599999999998,0.9971105984919625,1.0042676187824524
3,1110,0.246707,-3.17759,0.011049000000000003,1.0965500000000001,1.0966056642663307,1.0050749675041866
3,1120,0.24771,-3.07811,0.012052000000000007,1.19603,1.1960907204739948,1.0051760918872175
3,1130,0.248713,-2.97866,0.013054999999999983,1.29548,1.2955457782050777,1.005479281610701
3,1140,0.249715,-2.87922,0.014056999999999986,1.39492,1.3949908263673276,1.0055804873948535
3,1150,0.250717,-2.77979,0.015059000000000017,1.4943499999999998,1.4944258750372998,1.0056816116408096
3,1160,0.251718,-2.68039,0.01605999999999999,1.59375,1.5938309151538002,1.005985208424064
3,1170,0.25272,-2.581,0.017061999999999994,1.69314,1.6932259658545283,1.006086312095089
3,1180,0.253721,-2.48163,0.018062999999999968,1.79251,1.7926010074941385,1.0062888865260178
3,1190,0.254721,-2.38228,0.01906299999999997,1.8918599999999999,1.8919560400730773,1.0064915425451533
3,1200,0.255722,-2.28294,0.020064,1.9912,1.9913010832357825,1.0065927480269157
3,1210,0.256722,-2.18366,0.021064,2.09048,2.0905861193684414,1.0072011241088312
3,1220,0.257722,-2.08439,0.022064,2.18975,2.189861156008755,1.0073025745869346
3,1230,0.258721,-1.98512,0.023062999999999972,2.28902,2.2891361825738983,1.0073026768155118
3,1240,0.25972,-1.88587,0.024062,2.3882700000000003,2.3883912101546514,1.0075056391339048
3,1250,0.260719,-1.78662,0.025060999999999972,2.48752,2.4876462377357837,1.007505639130055
3,1260,0.261717,-1.68738,0.02605899999999997,2.58676,2.5868912557510026,1.0076072532393043
3,1270,0.262715,-1.58815,0.02705699999999997,2.6859900000000003,2.6861262742747223,1.0077087855442635
3,1280,0.263712,-1.48893,0.028053999999999996,2.78521,2.7853512832344864,1.0078104406173458
3,1290,0.264708,-1.38972,0.029049999999999992,2.88442,2.884566282632451,1.0079121161799993
3,1300,0.265705,-1.29052,0.030047000000000018,2.98362,2.9837712926109132,1.0080136075961341
3,1310,0.266701,-1.19135,0.031043000000000015,3.08279,3.0829462940422756,1.0083186141339116
3,1320,0.267697,-1.09219,0.03203900000000001,3.18195,3.1821112959827476,1.0084202898521526
3,1330,0.268692,-0.993027,0.03303399999999998,3.281113,3.2812792877054826,1.0083898873296857
3,1340,0.269686,-0.893869,0.034027999999999975,3.380271,3.3804422696187255,1.008440832159418
3,1350,0.270681,-0.794714,0.035023,3.479426,3.4796022617542084,1.0084712377081415
3,1360,0.271675,-0.695563,0.03601699999999999,3.578577,3.5787582440307424,1.00851202019372
3,1370,0.272669,-0.596415,0.03701099999999999,3.677725,3.6779112264634666,1.0085425324230717
3,1380,0.273661,-0.497271,0.03800299999999998,3.776869,3.7770601889789894,1.0085834229918835
3,1390,0.274654,-0.39813,0.038996,3.87601,3.8762061617148285,1.0086138371594418
3,1400,0.275645,-0.298992,0.03998699999999997,3.975148,3.975349114489569,1.0086445602160627
3,1410,0.276637,-0.199875,0.040979000000000015,4.0742650000000005,4.074471078393612,1.0088581386140352
3,1420,0.277628,-0.100757,0.04196999999999998,4.173383,4.1735940321968314,1.0088480635728554
3,1430,0.278618,-0.00163847,0.04295999999999997,4.27250153,4.272717505926684,1.0088427719203683
3,1440,0.279608,0.0974805,0.04395000000000002,4.3716205,4.371841419644616,1.008838293901116
3,1450,0.280598,0.1966,0.04494000000000001,4.47074,4.4709658633454135,1.0088329000044145
3,1460,0.281586,0.29572,0.045928,4.56986,4.570090786930168,1.008828016038747
3,1470,0.282575,0.394842,0.046917000000000014,4.668982,4.669217720476633,1.0088075603904936
3,1480,0.283562,0.493964,0.047903999999999974,4.768104,4.7683446339407976,1.0088077647666376
3,1490,0.28455,0.593087,0.04889200000000002,4.867227,4.867472557415501,1.008797486063747
3,1500,0.285536,0.692211,0.049878000000000006,4.966351,4.966601460766205,1.0087875142350187
3,1510,0.286523,0.791339,0.05086500000000002,5.065479,5.065734373974419,1.0087467094804727
3,1520,0.287509,0.890466,0.05185100000000001,5.164606,5.164866277207668,1.0087569867866706
3,1530,0.288495,0.989594,0.052836999999999995,5.263734,5.263999180406946,1.0087468113284135
3,1540,0.28948,1.08872,0.05382200000000001,5.3628599999999995,5.36313007368682,1.0087672640825749
3,1550,0.290464,1.18785,0.054805999999999994,5.46199,5.462264956749718,1.0087266652299711
3,1560,0.291448,1.28697,0.05578999999999998,5.56111,5.561389840336677,1.0088284231100597
3,1570,0.292431,1.38609,0.05677299999999999,5.66023,5.660514713913303,1.0088285249887112
3,1580,0.293413,1.48522,0.05775499999999997,5.75936,5.7596495769816585,1.0087268686803728
3,1590,0.294395,1.58436,0.05873700000000001,5.8585,5.858794439572787,1.0086251308088283
3,1600,0.295377,1.6835,0.059718999999999994,5.95764,5.957939302188383,1.008625130559905
3,1610,0.296358,1.78264,0.060700000000000004,6.05678,6.057084154805842,1.0086252322734413
3,1620,0.297339,1.88179,0.061681000000000014,6.15593,6.156239006947423,1.0085235148877185
3,1630,0.298319,1.98094,0.062661,6.2550799999999995,6.255393849097033,1.0085236165180391
3,1640,0.299299,2.0801,0.06364099999999998,6.35424,6.3545586907731835,1.0084219196010749
3,1650,0.300278,2.17927,0.06461999999999998,6.45341,6.453733521962307,1.0083203450006688
3,1660,0.301255,2.27844,0.06559699999999999,6.55258,6.552908333160857,1.0083205482468547
3,1670,0.302233,2.37761,0.06657499999999997,6.65175,6.652083154405468,1.0083204461075175
3,1680,0.303211,2.4768,0.067553,6.75094,6.75127797468072,1.0081171549332293
3,1690,0.304188,2.57598,0.06853000000000001,6.85012,6.850462785483913,1.0082188914835437
3,1700,0.305164,2.67518,0.06950599999999998,6.94932,6.949667585319172,1.008015742847743
3,1710,0.306139,2.77438,0.07048099999999999,7.04852,7.048872375193142,1.0080158440639828
3,1720,0.307114,2.87358,0.07145599999999999,7.14772,7.14807716510783,1.0080158436502433
3,1730,0.308089,2.97279,0.072431,7.24693,7.247291954562131,1.0079142489745514
3,1740,0.309063,3.07201,0.07340499999999997,7.34615,7.346516733563261,1.007812776270949
3,1750,0.310037,3.17124,0.074379,7.44538,7.4457515121068205,1.0077112224934794
3,1760,0.31101,3.27048,0.075352,7.54462,7.544996280204782,1.0076097905865702
3,1770,0.311982,3.36972,0.07632399999999998,7.64386,7.644241038361885,1.007609891513882
3,1780,0.312954,3.46897,0.077296,7.74311,7.743495796067561,1.0075083785558545
3,1790,0.313925,3.56823,0.078267,7.84237,7.842760543341164,1.0074069873403357
3,1800,0.314895,3.6675,0.07923699999999997,7.94164,7.942035280189141,1.0073056164644778
3,1810,0.315865,3.76677,0.080207,8.04091,8.041310017089815,1.007305615929776
3,1820,0.316835,3.86606,0.08117699999999997,8.1402,8.140604753046853,1.007102733454744
3,1830,0.317804,3.96535,0.08214599999999997,8.23949,8.239899479084437,1.0071028340634
3,1840,0.318772,4.06465,0.083114,8.33879,8.339204194711627,1.0070015242319477
3,1850,0.319739,4.16396,0.08408099999999999,8.4381,8.438518899935048,1.0069002347138591
3,1860,0.320706,4.26328,0.08504799999999998,8.537420000000001,8.537843604722683,1.0067988645303128
3,1870,0.321672,4.36261,0.08601400000000001,8.63675,8.637178299114588,1.0066976156937726
3,1880,0.322638,4.46195,0.08697999999999997,8.73609,8.736522993073388,1.0065962862744506
3,1890,0.323604,4.5613,0.087946,8.83544,8.83587768659775,1.0064949772652696
3,1900,0.324569,4.66066,0.08891099999999999,8.9348,8.935242369735754,1.0063937894424042
3,1910,0.325533,4.76003,0.08987500000000001,9.03417,9.034617042494109,1.0062926218953767
3,1920,0.326496,4.85941,0.090838,9.13355,9.13400170487963,1.0061914746169969
3,1930,0.327459,4.9588,0.091801,9.23294,9.233396366841456,1.0060902469632271
4,1000,0.940421,-5.5753,0.0,0.0,0.0,nan
4,1010,0.942302,-5.48341,0.0018810000000000215,0.09189000000000025,0.09190925013838404,1.0880297668562635
4,1020,0.944183,-5.39155,0.003762000000000043,0.18375000000000075,0.18378850656121093,1.0883849510035386
4,1030,0.946064,-5.29971,0.005643000000000065,0.2755900000000002,0.27564776717579287,1.0886218692699317
4,1040,0.947945,-5.2079,0.007524000000000086,0.36739999999999995,0.36747703407968224,1.08897744010809
4,1050,0.949825,-5.11611,0.009404000000000079,0.45919000000000043,0.45928628470268995,1.0892148593024205
4,1060,0.951705,-5.02435,0.011284000000000072,0.5509500000000003,0.5510655416155145,1.0895708176738006
4,1070,0.953584,-4.93261,0.013163000000000036,0.64269,0.6428247822455199,1.089808495726586
4,1080,0.955464,-4.84089,0.015043000000000029,0.7344100000000005,0.7345640475472515,1.0900457908737198
4,1090,0.957344,-4.7492,0.01692300000000002,0.8261000000000003,0.8262733191438536,1.0904022925824333
4,1100,0.959223,-4.65753,0.018802000000000096,0.91777,0.9179625744571507,1.0906403335734984
4,1110,0.961104,-4.56594,0.020683000000000007,1.00936,1.0095718875290656,1.0915920734117752
4,1120,0.962985,-4.47436,0.02256400000000003,1.1009400000000005,1.1011712027182698,1.0917112185112254
4,1130,0.964865,-4.38279,0.02444400000000002,1.1925100000000004,1.1927604995287198,1.0918306339544956
4,1140,0.966744,-4.29123,0.026323000000000096,1.2840700000000007,1.284339777951692,1.0919500756288487
4,1150,0.968622,-4.19968,0.02820100000000003,1.3756200000000005,1.375909037982163,1.0920695434988075
4,1160,0.970499,-4.10814,0.03007800000000005,1.4671600000000007,1.4674682796176557,1.09218903754261
4,1170,0.972376,-4.01662,0.03195500000000007,1.5586800000000007,1.5590075254548974,1.0924276149030292
4,1180,0.974251,-3.9251,0.03383000000000003,1.6502000000000003,1.6505467302987824,1.0924281041171857
4,1190,0.976126,-3.8336,0.0357050000000001,1.7417000000000002,1.7420659393447198,1.092666785940051
4,1200,0.978,-3.7421,0.03757900000000003,1.8332000000000002,1.8335851278958937,1.09266703063133
4,1210,0.979875,-3.65066,0.0394540000000001,1.9246400000000006,1.925044349545226,1.0933834576398884
4,1220,0.981748,-3.55921,0.041327,2.01609,2.0165135281046345,1.093264436993396
4,1230,0.98362,-3.46777,0.0431990000000001,2.1075300000000006,2.107972688272076,1.0933841926486327
4,1240,0.985491,-3.37633,0.045070000000000054,2.1989700000000005,2.1994318279501193,1.0933844375971875
4,1250,0.987361,-3.2849,0.04694000000000009,2.2904000000000004,2.2908809492420166,1.0935042194753197
4,1260,0.98923,-3.19346,0.0488090000000001,2.3818400000000004,2.382340047953063,1.093384927353565
4,1270,0.991097,-3.10203,0.050676000000000054,2.4732700000000003,2.4737891078012293,1.0935049541901347
4,1280,0.992964,-3.0106,0.052543000000000006,2.5647,2.565238167665724,1.093504953994889
4,1290,0.994829,-2.91918,0.05440800000000001,2.6561200000000005,2.656677188682133,1.0936250070093636
4,1300,0.996693,-2.82775,0.0562720000000001,2.7475500000000004,2.7481261871471627,1.0935056881813792
4,1310,0.998556,-2.73636,0.05813500000000005,2.8389400000000005,2.8395351735495376,1.093984343725334
4,1320,1.00042,-2.64496,0.059999000000000136,2.93034,2.930954178352333,1.0938644564739557
4,1330,1.00228,-2.55356,0.06185900000000011,3.0217400000000003,3.02237310130318,1.0938654358656896
4,1340,1.00414,-2.46215,0.06371900000000008,3.1131500000000005,3.1138020222006735,1.093745819357489
4,1350,1.006,-2.37075,0.06557900000000005,3.2045500000000002,3.205220945229985,1.0938654349268258
4,1360,1.00785,-2.27933,0.06742899999999996,3.2959700000000005,3.2966596595555635,1.09362867509202
4,1370,1.00971,-2.18792,0.06928900000000016,3.3873800000000003,3.3880885805895042,1.0937458177251973
4,1380,1.01156,-2.0965,0.07113900000000006,3.4788000000000006,3.4795272950964193,1.09362867292319
4,1390,1.01341,-2.00508,0.07298899999999997,3.5702200000000004,3.5709660097123583,1.0936286716192383
4,1400,1.01526,-1.91366,0.0748390000000001,3.6616400000000002,3.662404724429156,1.0936286704129423
4,1410,1.01711,-1.82225,0.07668900000000001,3.7530500000000004,3.75383344132648,1.0937482597759949
4,1420,1.01896,-1.73083,0.07853900000000014,3.8444700000000003,3.845272156222626,1.0936286682678966
4,1430,1.0208,-1.63941,0.08037899999999998,3.9358900000000006,3.9367106670088168,1.0936311094767104
4,1440,1.02265,-1.54797,0.08222900000000011,4.02733,4.028169377935963,1.0933895632932982
4,1450,1.02449,-1.45653,0.08406899999999995,4.1187700000000005,4.119627884853316,1.0933920022373076
4,1460,1.02633,-1.36509,0.08590900000000001,4.21021,4.211086391939852,1.0933920002147266
4,1470,1.02817,-1.27363,0.08774900000000008,4.3016700000000005,4.302564895024943,1.0931529990929363
4,1480,1.03001,-1.18217,0.08958900000000014,4.39313,4.394043398263268,1.0931529972618275
4,1490,1.03184,-1.0907,0.09141900000000014,4.4846,4.4855316957481195,1.0930359701639156
4,1500,1.03368,-0.999222,0.09325899999999998,4.576078000000001,4.577028195583353,1.0929379832024082
4,1510,1.03551,-0.907734,0.09508899999999998,4.667566000000001,4.668534489781242,1.0928210007471477
4,1520,1.03734,-0.81624,0.09691899999999998,4.759060000000001,4.7600467829802895,1.0927493619080382
4,1530,1.03917,-0.724739,0.09874899999999998,4.850561000000001,4.851566074961982,1.0926657957538009
4,1540,1.041,-0.633229,0.10057899999999997,4.942071,4.943094365302164,1.0925583732453745
4,1550,1.04282,-0.541713,0.10239900000000013,5.033587000000001,5.034628451213655,1.092489196829852
4,1560,1.04465,-0.450199,0.10422900000000013,5.125101000000001,5.126160741202133,1.0925106321778721
4,1570,1.04647,-0.358673,0.10604900000000006,5.216627000000001,5.21770482564221,1.0923698741610997
4,1580,1.04829,-0.267136,0.10786899999999999,5.3081640000000005,5.309259908128157,1.0922386533303565
4,1590,1.05011,-0.175587,0.10968900000000015,5.399713,5.400826988442604,1.0920955397572336
4,1600,1.05193,-0.0840264,0.11150900000000008,5.4912736,5.4924056666580965,1.091957232279451
4,1610,1.05374,0.00754461,0.11331899999999995,5.58284461,5.5839945500660235,1.0918355621239617
