data/WideFieldInstrument/Spectroscopy/Dispersion/Tel_Grism_dispersion_18Scas_filterAiming_241106.ecsv
# %ECSV 1.0
# ---
# datatype:
# - {name: SCA, unit: '', datatype: int16, description: Sensor Chip Assembly (SCA)}
# - {name: Wavelength, unit: nm, datatype: int16, description: Wavelength}
# - {name: Image x, unit: mm, datatype: float64, description: Absolute image location (x-coordinate)}
# - {name: Image y, unit: mm, datatype: float64, description: Absolute image location (y-coordinate)}
# - {name: Relative position x, unit: mm, datatype: float64, description: Relative image location (x-coordinate)}
# - {name: Relative position y, unit: mm, datatype: float64, description: Relative image location (y-coordinate)}
# - {name: RSS, unit: mm, datatype: float64, description: Residual sum of squares}
# - {name: Dispersion, unit: nm / pix, datatype: float64, description: Dispersion}
# delimiter: ','
# schema: astropy-2.0
SCA,Wavelength,Image x,Image y,Relative position x,Relative position y,RSS,Dispersion
[from data line 517]
6,1470,1.0397,0.223294,0.1445200000000001,4.642044,4.644293113955665,1.0141178664646342
6,1480,1.04274,0.321856,0.14756000000000002,4.7406060000000005,4.742901980943313,1.014107585401279
6,1490,1.04578,0.42042,0.15059999999999996,4.83917,4.841512847127435,1.0140870257977923
6,1500,1.04882,0.518985,0.1536400000000001,4.937735,4.940124712982962,1.0140767455562192
6,1510,1.05185,0.617555,0.15666999999999998,5.0363050000000005,5.038741265626268,1.0140285511875349
6,1520,1.05488,0.716123,0.15970000000000006,5.134873,5.137355819497905,1.0140491040517763
6,1530,1.05792,0.814694,0.16274,5.233444,5.235973682968241,1.0140150727365997
6,1540,1.06095,0.913265,0.16577000000000008,5.332015,5.334591235804764,1.014018266766044
6,1550,1.06397,1.01184,0.1687900000000001,5.4305900000000005,5.4332124762611675,1.0139803508576404
6,1560,1.067,1.1104,0.17181999999999997,5.5291500000000005,5.5318190349016305,1.0141313253271291
6,1570,1.07002,1.20897,0.17484,5.62772,5.630435278377685,1.0140317302218245
6,1580,1.07305,1.30755,0.17787000000000008,5.7263,5.729061827812648,1.013925769206212
6,1590,1.07607,1.40613,0.1808900000000001,5.82488,5.827688067021089,1.013928958485943
6,1600,1.07908,1.50472,0.18390000000000006,5.92347,5.926323991387916,1.0138293998046854
6,1610,1.0821,1.60331,0.18692000000000009,6.02206,6.024960226424735,1.0138262065930603
6,1620,1.08511,1.7019,0.18993000000000004,6.12065,6.123596151559964,1.0138293919066628
6,1630,1.08813,1.80051,0.19295000000000007,6.21926,6.222252377563932,1.0136207723573112
6,1640,1.09114,1.89911,0.19596000000000002,6.3178600000000005,6.32089829859649,1.0137266594834164
6,1650,1.09415,1.99773,0.19896999999999998,6.41648,6.419564210388428,1.0135212677188425
6,1660,1.09715,2.09635,0.2019700000000001,6.5151,6.518229812679206,1.0135244470032099
6,1670,1.10016,2.19498,0.20498000000000005,6.61373,6.616905720448192,1.013418596909334
6,1680,1.10316,2.29361,0.20797999999999994,6.71236,6.7155813188435145,1.0134217742401863
6,1690,1.10616,2.39226,0.21098000000000006,6.81101,6.81427690811725,1.0132165047684794
6,1700,1.10916,2.49091,0.21397999999999995,6.909660000000001,6.912972497847797,1.013216500078827
6,1710,1.11216,2.58956,0.21698000000000006,7.00831,7.011668088015861,1.0132164955872378
6,1720,1.11515,2.68822,0.2199700000000001,7.1069700000000005,7.110373364444374,1.0131170654531727
6,1730,1.11814,2.78689,0.22295999999999994,7.205640000000001,7.20908863665859,1.0130144784790356
6,1740,1.12113,2.88556,0.22594999999999998,7.30431,7.3078039094245,1.013014472817563
6,1750,1.12412,2.98425,0.22894000000000003,7.4030000000000005,7.406539173163132,1.012809367327115
6,1760,1.12711,3.08294,0.23193000000000008,7.50169,7.50527443742066,1.0128093620043777
6,1770,1.13009,3.18164,0.23491000000000006,7.60039,7.60401938846818,1.0127100063260484
6,1780,1.13307,3.28035,0.23789000000000005,7.6991,7.702774335400201,1.0126075007547388
6,1790,1.13605,3.37907,0.24087000000000003,7.79782,7.801539278200168,1.0125050161020632
6,1800,1.13903,3.4778,0.24385,7.8965499999999995,7.90031421685239,1.0124025523527889
6,1810,1.14201,3.57653,0.24683,7.99528,7.999089156103963,1.0124025462096895
6,1820,1.14498,3.67528,0.24980000000000013,8.09403,8.097883777932356,1.012200848075523
6,1830,1.14795,3.77403,0.25277000000000005,8.19278,8.196678400504682,1.012200840453554
6,1840,1.15092,3.8728,0.25573999999999997,8.29155,8.29549301428794,1.011996061830916
6,1850,1.15389,3.97157,0.2587100000000001,8.39032,8.394307628774394,1.0119960546292353
6,1860,1.15686,4.07036,0.26168,8.48911,8.49314223444421,1.0117913591326169
6,1870,1.15982,4.16915,0.2646400000000001,8.587900000000001,8.591976532765905,1.0117945055319888
6,1880,1.16278,4.26796,0.26759999999999995,8.686710000000001,8.69083082243004,1.0115898899254354
6,1890,1.16574,4.36677,0.27056,8.78552,8.789685112903648,1.0115898816419984
6,1900,1.1687,4.4656,0.2735200000000001,8.884350000000001,8.888559394688208,1.0113853491031406
6,1910,1.17165,4.56444,0.2764700000000001,8.98319,8.987443364884143,1.0112862560216145
6,1920,1.1746,4.66328,0.2794200000000001,9.08203,9.086327336019762,1.0112862464114685
6,1930,1.17755,4.76214,0.2823700000000001,9.18089,9.18523129861192,1.0110818351370066
7,1000,1.69501,-6.06574,0.0,0.0,0.0,nan
7,1010,1.69773,-5.97402,0.0027200000000000557,0.09171999999999958,0.09176032258007773,1.089795645745814
7,1020,1.70045,-5.88233,0.005440000000000111,0.1834100000000003,0.18349065834532316,1.0901519019391595
7,1030,1.70316,-5.79066,0.008150000000000102,0.27508,0.2752007065761278,1.0903930586573485
7,1040,1.70588,-5.69901,0.010870000000000157,0.36672999999999956,0.36689105985292103,1.0906272734943196
7,1050,1.7086,-5.60739,0.013589999999999991,0.45835000000000026,0.45855142634169205,1.0909840733862943
7,1060,1.71131,-5.51579,0.016300000000000203,0.5499499999999999,0.5501915052961105,1.09122559846047
7,1070,1.71403,-5.42422,0.019020000000000037,0.6415199999999999,0.6418018937335724,1.0915792597939398
7,1080,1.71675,-5.33267,0.021740000000000093,0.7330699999999997,0.7333922910012073,1.0918175156265737
7,1090,1.71946,-5.24114,0.024450000000000083,0.8246000000000002,0.8249624006583575,1.0920594108100599
7,1100,1.72218,-5.14964,0.02717000000000014,0.9161000000000001,0.9165028199083733,1.0924136115968535
7,1110,1.7249,-5.05821,0.029890000000000194,1.00753,1.00797326998289,1.0932492397111273
7,1120,1.72762,-4.96679,0.03261000000000003,1.0989500000000003,1.0994337245145798,1.0933687188855097
7,1130,1.73033,-4.87538,0.03532000000000002,1.19036,1.1908838868672296,1.0934917711176975
7,1140,1.73305,-4.78399,0.038040000000000074,1.2817499999999997,1.2823143546338391,1.0937273147859803
7,1150,1.73576,-4.6926,0.040750000000000064,1.3731400000000002,1.3737445257761722,1.0937308631340732
7,1160,1.73848,-4.60122,0.04347000000000012,1.4645200000000003,1.4651649979780437,1.093846898746963
7,1170,1.74119,-4.50985,0.04618000000000011,1.5558899999999998,1.556575177914642,1.0939700596734367
7,1180,1.7439,-4.4185,0.0488900000000001,1.64724,1.6479653666567147,1.0942093607249948
7,1190,1.74661,-4.32715,0.05160000000000009,1.7385900000000003,1.7393555553997582,1.0942093607133716
7,1200,1.74932,-4.23581,0.05431000000000008,1.82993,1.8307357485448301,1.0943290505114553
7,1210,1.75203,-4.14453,0.05702000000000007,1.9212100000000003,1.9220559680977038,1.0950477395874059
7,1220,1.75474,-4.05324,0.05973000000000006,2.0125,2.013386183249503,1.0949278925248462
7,1230,1.75744,-3.96195,0.062429999999999986,2.10379,2.104716101758145,1.09493144889358
7,1240,1.76014,-3.87067,0.06513000000000013,2.19507,2.1960360247045125,1.0950512962952248
7,1250,1.76285,-3.77938,0.06784000000000012,2.2863599999999997,2.2873662398487915,1.0949278926150008
7,1260,1.76554,-3.6881,0.0705300000000002,2.37764,2.3786858662925625,1.0950548517801246
7,1270,1.76824,-3.59682,0.07323000000000013,2.46892,2.470005789325199,1.0950512952607439
7,1280,1.77094,-3.50554,0.07593000000000005,2.5602,2.561325712380212,1.095051294992421
7,1290,1.77363,-3.41426,0.07862000000000013,2.65148,2.652645339053074,1.095054849032986
7,1300,1.77632,-3.32298,0.08131,2.74276,2.743964965829557,1.0950548477904292
7,1310,1.77901,-3.23173,0.08400000000000007,2.8340099999999997,2.835254605868757,1.0954145504030874
7,1320,1.7817,-3.14048,0.08669000000000016,2.9252599999999997,2.926544245983648,1.095414549494846
7,1330,1.78439,-3.04922,0.08938000000000001,3.01652,3.0178438817805002,1.0952946211363492
7,1340,1.78707,-2.95795,0.09206000000000003,3.10779,3.109153217147717,1.0951782706317152
7,1350,1.78975,-2.86668,0.09474000000000005,3.19906,3.200462552694532,1.095178268477593
7,1360,1.79243,-2.77541,0.09742000000000006,3.29033,3.2917718884059997,1.0951782665027174
7,1370,1.7951,-2.68413,0.10009000000000001,3.38161,3.383090924021995,1.0950619367084515
7,1380,1.79778,-2.59285,0.10277000000000003,3.47289,3.4744102557124714,1.0950583863113068
7,1390,1.80045,-2.50156,0.1054400000000002,3.56418,3.5657392874409646,1.0949420803812338
7,1400,1.80311,-2.41027,0.10810000000000008,3.6554699999999998,3.6570680238272844,1.0949456212445647
7,1410,1.80578,-2.319,0.11077000000000004,3.74674,3.748377064877545,1.0951818007261214
7,1420,1.80844,-2.22771,0.11343000000000014,3.83803,3.8397058019853554,1.0949456125945736
7,1430,1.8111,-2.13641,0.11609000000000003,3.9293299999999998,3.9310445351076853,1.0948257829027483
7,1440,1.81376,-2.04511,0.11875000000000013,4.02063,4.022383268585926,1.0948257786366407
7,1450,1.81642,-1.9538,0.12141000000000002,4.11194,4.1137319980402225,1.0947059756319037
7,1460,1.81907,-1.86247,0.12406000000000006,4.20327,4.205100424068371,1.094469986482988
7,1470,1.82172,-1.77114,0.1267100000000001,4.2946,4.296468850591145,1.0944699805580531
7,1480,1.82436,-1.6798,0.12935000000000008,4.38594,4.387846978428031,1.0943537842940354
7,1490,1.82701,-1.58845,0.13200000000000012,4.47729,4.479235397263689,1.0942305521209212
7,1500,1.82965,-1.49709,0.1346400000000001,4.56865,4.570633517588125,1.0941144045963893
7,1510,1.83228,-1.40572,0.13727,4.660019999999999,4.662041339724476,1.0939982778588904
7,1520,1.83491,-1.31434,0.13990000000000014,4.7514,4.753459158339325,1.0938786498648456
7,1530,1.83755,-1.22296,0.1425400000000001,4.842779999999999,4.844877271923407,1.0938751203614054
7,1540,1.84017,-1.13156,0.14516000000000018,4.93418,4.936314789192439,1.0936429923591975
7,1550,1.8428,-1.04016,0.1477900000000001,5.02558,5.027752601361765,1.0936394652008723
7,1560,1.84542,-0.948753,0.15041000000000015,5.116987,5.119197117348481,1.0935592902534168
7,1570,1.84804,-0.857336,0.15303,5.208404,5.210651629893904,1.093439757281884
7,1580,1.85066,-0.765906,0.15565000000000007,5.299834,5.302119137670899,1.0932844070028402
7,1590,1.85327,-0.674463,0.15826000000000007,5.391277,5.393599347219721,1.0931326075136665
7,1600,1.85588,-0.583005,0.16087000000000007,5.482735,5.485094551338655,1.0929534609268738
7,1610,1.85848,-0.491537,0.16347,5.574203,5.576599458999095,1.0928375598288589
7,1620,1.86108,-0.400054,0.16607000000000016,5.665686,5.668119361436912,1.0926585074535455
7,1630,1.86368,-0.308558,0.1686700000000001,5.757182,5.759652259470532,1.0925033747240276
7,1640,1.86628,-0.217047,0.17127000000000003,5.848693,5.851200152203734,1.0923244327581698
7,1650,1.86887,-0.125521,0.17386000000000013,5.940219,5.94276274703618,1.0921490394958095
7,1660,1.87146,-0.033982,0.17645,6.031758,6.034338337636033,1.0919940493417937
7,1670,1.87404,0.0575719,0.17903000000000002,6.1233119,6.125928530890776,1.0918199475992652
7,1680,1.87663,0.149141,0.18162000000000011,6.214881,6.217534211289955,1.091635361085054
7,1690,1.87921,0.240725,0.18420000000000014,6.306465,6.30915449455987,1.0914613711179906
7,1700,1.88178,0.332324,0.1867700000000001,6.398064,6.400789481071534,1.0912862412793705
7,1710,1.88435,0.423933,0.18934000000000006,6.489673,6.4924344650161085,1.0911671942730514
7,1720,1.88692,0.515558,0.19191000000000003,6.581298,6.584095443787552,1.090976785763436
7,1730,1.88948,0.6072,0.19447000000000014,6.67294,6.675773125601259,1.0907780173063792
7,1740,1.89204,0.698859,0.19703000000000004,6.764599,6.767467802043907,1.0905758532508334
7,1750,1.8946,0.790533,0.19959000000000016,6.856273,6.859177473912524,1.0903975334603662
7,1760,1.89715,0.882224,0.20214,6.947964,6.950903849492956,1.0901989680417825
7,1770,1.8997,0.973932,0.20469000000000004,7.0396719999999995,7.042647219880036,1.0899970164392767
7,1780,1.90225,1.06566,0.2072400000000001,7.1314,7.134410583755326,1.0897595268619809
7,1790,1.90479,1.1574,0.20978000000000008,7.22314,7.226185654133167,1.0896205210009227
7,1800,1.90733,1.24915,0.21232000000000006,7.31489,7.317970722440751,1.0895018312225617
7,1810,1.90987,1.34093,0.21486000000000005,7.40667,7.409785780203096,1.08914596839704
7,1820,1.9124,1.43272,0.2173900000000002,7.49846,7.501610545989441,1.0890308202111558
7,1830,1.91493,1.52453,0.21992000000000012,7.59027,7.593455305676067,1.0887937465479693
7,1840,1.91745,1.61636,0.2224400000000002,7.6821,7.685319769768855,1.0885602064689044
7,1850,1.91997,1.7082,0.22496000000000005,7.77394,7.777194232189395,1.0884417428454263
7,1860,1.92249,1.80006,0.22748000000000013,7.8658,7.869088688685622,1.0882049234831301
7,1870,1.925,1.89195,0.22999000000000014,7.9576899999999995,7.961012846127055,1.0878533215135795
7,1880,1.92751,1.98385,0.23250000000000015,8.04959,8.052947002067008,1.0877350096662177
7,1890,1.93001,2.07577,0.2350000000000001,8.14151,8.14490086373677,1.0875019078495374
7,1900,1.93251,2.16771,0.23750000000000004,8.23345,8.23687471997116,1.0872654914583164
7,1910,1.93501,2.25966,0.24,8.3254,8.328858574858861,1.0871473056014618
7,1920,1.9375,2.35164,0.2424900000000001,8.41738,8.420872132059719,1.086796370470807
7,1930,1.93999,2.44363,0.2449800000000002,8.50937,8.512895688148658,1.0866782838010667
8,1000,1.63555,-5.3211,0.0,0.0,0.0,nan
8,1010,1.63933,-5.22678,0.0037799999999998946,0.09432000000000063,0.09439571388574863,1.0593701332778147
8,1020,1.6431,-5.1325,0.007549999999999946,0.1886000000000001,0.18875105959967495,1.0598233649971203
8,1030,1.64687,-5.03823,0.011319999999999997,0.28286999999999995,0.283096413435423,1.059935608213378
8,1040,1.65064,-4.944,0.015090000000000048,0.37710000000000043,0.37740179928029005,1.0603848243036793
8,1050,1.65441,-4.84979,0.018859999999999877,0.4713100000000008,0.4716872011195563,1.060609575281609
8,1060,1.65818,-4.75561,0.022629999999999928,0.5654900000000005,0.5659426269508249,1.0609468804375792
8,1070,1.66195,-4.66145,0.02639999999999998,0.6596500000000001,0.6601780687814464,1.061171869706301
8,1080,1.66572,-4.56732,0.03017000000000003,0.7537800000000008,0.7543835346161799,1.0615095325300117
8,1090,1.66949,-4.47322,0.03393999999999986,0.84788,0.8485590244644151,1.0618474102035578
8,1100,1.67326,-4.37914,0.03770999999999991,0.9419600000000008,0.942714530332487,1.062072781384843
8,1110,1.67703,-4.28514,0.04147999999999996,1.0359600000000002,1.036790100261379,1.0629752238076895
8,1120,1.6808,-4.19115,0.04525000000000001,1.12995,1.1308556782366175,1.0630881365160352
8,1130,1.68457,-4.09717,0.04901999999999984,1.2239300000000002,1.2249112642554971,1.0632010732454227
8,1140,1.68833,-4.00321,0.05278000000000005,1.3178900000000002,1.3189464661236256,1.063431544925445
8,1150,1.6921,-3.90926,0.05654999999999988,1.4118400000000002,1.4129720761925908,1.063540028367301
8,1160,1.69586,-3.81532,0.060309999999999864,1.5057800000000006,1.5069872940738425,1.0636575892033517
8,1170,1.69962,-3.72139,0.06406999999999985,1.5997100000000004,1.6009925199700343,1.0637706472875033
8,1180,1.70338,-3.62748,0.06782999999999983,1.6936200000000006,1.6949777618895188,1.0639968356486045
8,1190,1.70714,-3.53358,0.07159000000000004,1.7875200000000002,1.7889530118200425,1.0641099659104962
8,1200,1.71089,-3.43969,0.07533999999999996,1.8814100000000002,1.882917869610887,1.064227652241959
8,1210,1.71465,-3.34585,0.07909999999999995,1.9752500000000004,1.9768331675940694,1.0647892531620065
8,1220,1.71841,-3.25202,0.08285999999999993,2.0690800000000005,2.0707384735885896,1.0649025520010058
8,1230,1.72216,-3.15819,0.08660999999999985,2.1629100000000006,2.1646433794507587,1.0649070895910078
8,1240,1.72591,-3.06437,0.09036,2.2567300000000006,2.2585382933437286,1.0650204132887247
8,1250,1.72966,-2.97054,0.09410999999999992,2.35056,2.3524431992505157,1.0649070890850265
8,1260,1.7334,-2.87673,0.09784999999999999,2.4443700000000006,2.446327721177194,1.0651382991340963
8,1270,1.73715,-2.78292,0.10159999999999991,2.5381800000000005,2.540212643146239,1.0651337605943954
8,1280,1.74089,-2.68911,0.10533999999999999,2.6319900000000005,2.6340971651972147,1.0651382977239172
8,1290,1.74463,-2.5953,0.10907999999999984,2.7258000000000004,2.7279816873285645,1.0651382968120593
8,1300,1.74837,-2.5015,0.11281999999999992,2.8196000000000003,2.821856217527747,1.0652516693060479
8,1310,1.75211,-2.40773,0.11656,2.9133700000000005,2.915700771769971,1.0655919334635884
8,1320,1.75584,-2.31396,0.12029000000000001,3.0071400000000006,3.0095449263468392,1.065596471627748
