data/WideFieldInstrument/Spectroscopy/Dispersion/Tel_prism_dispersion_18Scas_filterAiming_241106.ecsv
# %ECSV 1.0
# ---
# datatype:
# - {name: SCA, unit: '', datatype: int16, description: Sensor Chip Assembly (SCA)}
# - {name: Wavelength, unit: nm, datatype: int16, description: Wavelength}
# - {name: Image x, unit: mm, datatype: float64, description: Absolute image location (x-coordinate)}
# - {name: Image y, unit: mm, datatype: float64, description: Absolute image location (y-coordinate)}
# - {name: Relative position x, unit: mm, datatype: float64, description: Relative image location (x-coordinate)}
# - {name: Relative position y, unit: mm, datatype: float64, description: Relative image location (y-coordinate)}
# - {name: RSS, unit: mm, datatype: float64, description: Residual sum of squares}
# - {name: Dispersion, unit: nm / pix, datatype: float64, description: Dispersion}
# delimiter: ','
# schema: astropy-2.0
SCA,Wavelength,Image x,Image y,Relative position x,Relative position y,RSS,Dispersion
[from data line 1327]
13,1430,0.524787,-0.148815,0.02728799999999998,-1.4010049999999998,1.4012707250809886,8.432305695421572
13,1440,0.525012,-0.160595,0.02751300000000001,-1.412785,1.4130528728232359,8.487416911386171
13,1450,0.525236,-0.172297,0.02773700000000001,-1.4244869999999998,1.4247570158935872,8.543983049328759
13,1460,0.525458,-0.183919,0.027958999999999956,-1.4361089999999999,1.4363811352012388,8.602802272871948
13,1470,0.525678,-0.195492,0.028178999999999954,-1.447682,1.447956224878708,8.639241922647885
13,1480,0.525898,-0.207004,0.028398999999999952,-1.4591939999999999,1.4594703261241728,8.685002664831277
13,1490,0.526116,-0.218451,0.028617000000000004,-1.4706409999999999,1.4709194007728634,8.73433033397478
13,1500,0.526333,-0.22984,0.028834000000000026,-1.48203,1.4823104669589295,8.778809495666257
13,1510,0.526549,-0.241162,0.02905000000000002,-1.4933519999999998,1.4936345263832111,8.830755496176138
13,1520,0.526764,-0.252437,0.029264999999999985,-1.504627,1.504911575260819,8.867568198499441
13,1530,0.526978,-0.263661,0.029478999999999922,-1.5158509999999998,1.516137614348381,8.90786137657383
13,1540,0.52719,-0.274838,0.029691000000000023,-1.527028,1.5273166234494406,8.945336665887528
13,1550,0.527402,-0.285979,0.029903000000000013,-1.538169,1.538459639369847,8.974231098141733
13,1560,0.527614,-0.29709,0.030115000000000003,-1.54928,1.5495726609697913,8.998452770082086
13,1570,0.527824,-0.308155,0.030324999999999935,-1.5603449999999999,1.5606396524021808,9.035879408683016
13,1580,0.528034,-0.31918,0.03053499999999998,-1.57137,1.5716666514006716,9.068650501708253
13,1590,0.528242,-0.330158,0.030742999999999965,-1.5823479999999999,1.582646620428262,9.1074938143013
13,1600,0.52845,-0.341104,0.03095099999999995,-1.593294,1.5935945955094726,9.134109208160833
13,1610,0.528659,-0.352099,0.031159999999999966,-1.6042889999999999,1.6045915807834092,9.093401283077496
13,1620,0.528867,-0.363053,0.03136799999999995,-1.615243,1.6155475543830333,9.127440760119319
13,1630,0.529074,-0.373976,0.03157500000000002,-1.626166,1.6264725144253132,9.153351555794973
13,1640,0.529281,-0.384861,0.03178199999999998,-1.637051,1.6373594816426231,9.185294490554064
13,1650,0.529487,-0.395718,0.031988000000000016,-1.647908,1.6482184347373376,9.208990878565812
13,1660,0.529692,-0.406551,0.03219300000000003,-1.658741,1.6590533729600143,9.229401953645466
13,1670,0.529897,-0.417354,0.03239799999999993,-1.669544,1.669858316846073,9.255022613215717
13,1680,0.530102,-0.428139,0.03260299999999994,-1.680329,1.6806452641322023,9.270463398721528
13,1690,0.530306,-0.438906,0.03280700000000003,-1.691096,1.6914141954190285,9.285972520070905
13,1700,0.530509,-0.449652,0.033009999999999984,-1.7018419999999999,1.7021621112761263,9.304129407931804
13,1710,0.530712,-0.460388,0.03321299999999994,-1.712578,1.7129000290305911,9.31279250657509
13,1720,0.530915,-0.47111,0.033416,-1.7232999999999998,1.7236239494321257,9.324947990633175
13,1730,0.531118,-0.481823,0.033618999999999954,-1.734013,1.734338871538662,9.332778997898425
13,1740,0.53132,-0.49253,0.03382099999999999,-1.74472,1.745047775403585,9.338023878200204
13,1750,0.531523,-0.50323,0.03402399999999994,-1.75542,1.7557496999789008,9.344113696208503
13,1760,0.531725,-0.513928,0.03422599999999998,-1.766118,1.7664496055647894,9.345876858192488
13,1770,0.531927,-0.524627,0.034428000000000014,-1.7768169999999999,1.7771505109790222,9.345003635579653
13,1780,0.53213,-0.535324,0.03463099999999997,-1.7875139999999998,1.7878494361542303,9.346733280434872
13,1790,0.532332,-0.546027,0.034833,-1.798217,1.7985543408465587,9.34151240708047
13,1800,0.532534,-0.556734,0.03503499999999993,-1.8089239999999998,1.8092632448046357,9.338023796971004
14,764,0.553269,0.855326,0.0,0.0,0.0,nan
14,770,0.553903,0.831501,0.0006340000000000234,-0.023824999999999985,0.023833434100020066,2.143207721792659
14,780,0.55511,0.786211,0.0018409999999999815,-0.06911500000000004,0.06913951479436348,2.2072092413962716
14,790,0.556271,0.742616,0.003001999999999949,-0.11270999999999998,0.11274997163636004,2.293028031380325
14,800,0.557388,0.700613,0.004118999999999984,-0.154713,0.1547678213647785,2.379940921450002
14,810,0.558472,0.659946,0.005202999999999958,-0.19538,0.1954492660743447,2.458123125024739
14,820,0.559515,0.620749,0.006245999999999974,-0.23457700000000004,0.23466014029868817,2.5503129419623227
14,830,0.560521,0.582935,0.007252000000000036,-0.27239100000000005,0.2724875196866822,2.643587835527903
14,840,0.561492,0.546421,0.00822299999999998,-0.308905,0.3090144280676875,2.737707745668453
14,850,0.562431,0.511132,0.009162000000000003,-0.344194,0.3443159187141948,2.832741568942608
14,860,0.563338,0.476997,0.010068999999999995,-0.378329,0.37846296648681493,2.9285108529991946
14,870,0.564217,0.443927,0.010947999999999958,-0.411399,0.41154464630827114,3.022821106416177
14,880,0.565074,0.411729,0.011804999999999954,-0.443597,0.44375404948462166,3.104683419698511
14,890,0.565902,0.380546,0.012633000000000005,-0.47478000000000004,0.4749480404096853,3.205745627105775
14,900,0.566704,0.350344,0.013434999999999975,-0.504982,0.5051606868601317,3.3098722471735815
14,910,0.567483,0.321038,0.014213999999999949,-0.5342880000000001,0.5344770385526398,3.4110656417577117
14,920,0.568238,0.292588,0.01496900000000001,-0.562738,0.5629370547450221,3.5137014443008816
14,930,0.568972,0.264948,0.015703000000000022,-0.5903780000000001,0.5905867989491469,3.616669986591845
14,940,0.569685,0.23807,0.016415999999999986,-0.617256,0.6174742541936465,3.7192065627131803
14,950,0.570379,0.211912,0.01710999999999996,-0.643414,0.6436414588076191,3.8215774850708604
14,960,0.571057,0.186358,0.017788000000000026,-0.668968,0.6692044515452658,3.9119050349973308
14,970,0.571716,0.161485,0.01844699999999999,-0.693841,0.6940861798724998,4.019013417590696
14,980,0.572345,0.137698,0.019075999999999982,-0.717628,0.7178814945100619,4.2025079946681965
14,990,0.57296,0.114479,0.019691000000000014,-0.740847,0.7411086377110984,4.305307765766806
14,1000,0.573563,0.091699,0.020294000000000034,-0.7636270000000001,0.7638966170660793,4.388278506059927
14,1010,0.574156,0.069278,0.02088699999999999,-0.7860480000000001,0.7863254574748296,4.458545255910157
14,1020,0.574737,0.0473043,0.021468000000000043,-0.8080217000000001,0.8083068369715118,4.549305015870073
14,1030,0.575307,0.0257663,0.022038000000000002,-0.8295597,0.8298523780215913,4.641331576104991
14,1040,0.575865,0.00465189,0.02259599999999995,-0.85067411,0.8509741597958731,4.734449066307533
14,1050,0.576412,-0.0160509,0.023143000000000025,-0.8713769,0.8716841746312767,4.8285817656224435
14,1060,0.57695,-0.0364164,0.023680999999999952,-0.8917424,0.8920567794253683,4.9085524904994715
14,1070,0.577478,-0.0563898,0.024209000000000036,-0.9117158000000001,0.9120371569462727,5.004910437521774
14,1080,0.577994,-0.0759499,0.024724999999999997,-0.9312759,0.9316040615764887,5.11067038398993
14,1090,0.5785,-0.0951083,0.025231000000000003,-0.9504343000000001,0.9507691423145211,5.217823048433775
14,1100,0.578995,-0.113876,0.025726000000000027,-0.969202,0.9695433687463393,5.326451151698172
14,1110,0.579466,-0.131772,0.026197000000000026,-0.987098,0.9874455652910696,5.585906721007136
14,1120,0.579932,-0.149484,0.026662999999999992,-1.00481,1.0051636939668085,5.643936886908851
14,1130,0.580393,-0.166992,0.027124000000000037,-1.022318,1.0226777618096523,5.709695822656051
14,1140,0.580847,-0.184228,0.02757799999999999,-1.039554,1.0399197396914823,5.799798647542765
14,1150,0.581294,-0.201196,0.028024999999999967,-1.056522,1.0568936262032238,5.891402651409637
14,1160,0.581733,-0.217901,0.028463999999999934,-1.0732270000000002,1.0736043930727,5.984165824409878
14,1170,0.582165,-0.23435,0.028896000000000033,-1.089676,1.0900590643593586,6.077301591620324
14,1180,0.582591,-0.250547,0.02932199999999996,-1.105873,1.1062616651647115,6.1718486557394545
14,1190,0.58301,-0.266497,0.029741000000000017,-1.121823,1.1222171672229935,6.267430484777076
14,1200,0.583422,-0.282205,0.030152999999999985,-1.137531,1.1379305687826478,6.363994429873155
14,1210,0.583827,-0.297647,0.030557999999999974,-1.152973,1.1533778782745054,6.473619244355157
14,1220,0.584227,-0.312879,0.03095800000000004,-1.168205,1.1686151290262332,6.56286371008634
14,1230,0.584621,-0.327906,0.031351999999999935,-1.183232,1.1836472927895372,6.652402247247784
14,1240,0.58501,-0.34273,0.03174100000000002,-1.198056,1.198476395352449,6.743496416978282
14,1250,0.585393,-0.357355,0.03212400000000004,-1.212681,1.213106408826942,6.835263697763989
14,1260,0.58577,-0.371784,0.032501,-1.2271100000000001,1.2275403321687643,6.928123257399482
14,1270,0.586143,-0.38602,0.03287399999999996,-1.241346,1.2417812172810476,7.022035443130315
14,1280,0.58651,-0.400064,0.033240999999999965,-1.25539,1.2558300108617408,7.118048921825331
14,1290,0.586873,-0.413941,0.03360399999999997,-1.2692670000000001,1.269711757094893,7.203704657932833
14,1300,0.587233,-0.427745,0.033963999999999994,-1.283071,1.2835204495203807,7.241815294214469
14,1310,0.587591,-0.441415,0.034321999999999964,-1.296741,1.297195135962589,7.312781936362312
14,1320,0.587944,-0.454926,0.03467500000000001,-1.310252,1.310710745789856,7.39885223663801
14,1330,0.588293,-0.468288,0.035023999999999944,-1.323614,1.3240773019623893,7.481358601962699
14,1340,0.588637,-0.481505,0.035367999999999955,-1.336831,1.3372987766333297,7.563452828737048
14,1350,0.588979,-0.494595,0.03571000000000002,-1.3499210000000001,1.3503932428522443,7.636813775238375
14,1360,0.589316,-0.50755,0.03604699999999994,-1.362876,1.3633526240796985,7.716417801503656
14,1370,0.589651,-0.520394,0.036382000000000025,-1.37572,1.3762009912523678,7.783090151152973
14,1380,0.589982,-0.53313,0.036712999999999996,-1.3884560000000001,1.3889412904457121,7.849109230671863
14,1390,0.590311,-0.545758,0.03704200000000002,-1.401084,1.4015735745297142,7.916224756743965
14,1400,0.590636,-0.55828,0.03736700000000004,-1.4136060000000001,1.4140997899458865,7.983257247108541
14,1410,0.590961,-0.57079,0.03769199999999995,-1.426116,1.4266140095765216,7.990909777162396
14,1420,0.591283,-0.583148,0.03801399999999999,-1.438474,1.4389762030249145,8.089179352957025
14,1430,0.591602,-0.595426,0.03833299999999995,-1.450752,1.45125834515878,8.14190219507969
14,1440,0.591919,-0.607624,0.03864999999999996,-1.4629500000000002,1.4634604623972596,8.19529906536612
14,1450,0.592233,-0.619742,0.038964,-1.475068,1.475582528332455,8.24941891378908
14,1460,0.592546,-0.631776,0.039277000000000006,-1.4871020000000001,1.4876205971728815,8.3069802412309
14,1470,0.592857,-0.64376,0.03958799999999996,-1.4990860000000001,1.4996086306566792,8.34165170919439
14,1480,0.593166,-0.655681,0.03989699999999996,-1.511007,1.5115336333201455,8.385742361832941
14,1490,0.593473,-0.667534,0.04020400000000002,-1.52286,1.5233906069081562,8.433855339031508
14,1500,0.593779,-0.679327,0.040509999999999935,-1.534653,1.5351875750243031,8.476754282579295
14,1510,0.594083,-0.691051,0.04081400000000002,-1.5463770000000001,1.546915514410855,8.526647069362161
14,1520,0.594385,-0.702727,0.04111600000000004,-1.5580530000000001,1.5585954177608121,8.561714682370868
14,1530,0.594686,-0.714349,0.04141700000000004,-1.5696750000000002,1.5702213135459602,8.601487734626765
14,1540,0.594986,-0.725922,0.041717000000000004,-1.581248,1.5817982000220507,8.63790106316818
14,1550,0.595284,-0.737459,0.042015000000000025,-1.5927850000000001,1.5933390462955461,8.664875835809301
14,1560,0.595583,-0.748964,0.04231399999999996,-1.60429,1.604847930084343,8.68893993849718
14,1570,0.595879,-0.760422,0.04261000000000004,-1.615748,1.61630975113188,8.724617107984653
14,1580,0.596174,-0.771838,0.04290499999999997,-1.627164,1.6277295604371755,8.756713647891537
14,1590,0.596467,-0.783205,0.04319799999999996,-1.638531,1.639100334075068,8.794476364102012
14,1600,0.59676,-0.79454,0.043490999999999946,-1.649866,1.6504391188520104,8.819287248784516
14,1610,0.597055,-0.805925,0.04378599999999999,-1.661251,1.6618279389867654,8.780540812549383
14,1620,0.597348,-0.817268,0.04407899999999998,-1.6725940000000001,1.6731747210249743,8.813071376824013
14,1630,0.59764,-0.828578,0.04437099999999994,-1.683904,1.6844884881936713,8.838788929356909
14,1640,0.597931,-0.83985,0.04466199999999998,-1.695176,1.6957642422282644,8.868586499245
14,1650,0.598222,-0.851093,0.04495300000000002,-1.706419,1.707011006341201,8.891446374782165
14,1660,0.598511,-0.86231,0.045242000000000004,-1.7176360000000002,1.718231726822666,8.912083690631631
14,1670,0.5988,-0.873496,0.04553099999999999,-1.728822,1.7294214580734797,8.93676512496467
14,1680,0.599088,-0.884664,0.04581899999999994,-1.7399900000000001,1.7405931692561019,8.951180205549182
14,1690,0.599375,-0.895813,0.04610599999999998,-1.751139,1.7517458607220968,8.966445481335548
14,1700,0.599662,-0.90694,0.04639300000000002,-1.7622659999999999,1.7628765598319696,8.984161642758062
14,1710,0.599948,-0.918057,0.046679000000000026,-1.773383,1.7739972361111502,8.992258877925686
14,1720,0.600234,-0.92916,0.046965000000000034,-1.784486,1.7851039172611212,9.003589699724271
14,1730,0.60052,-0.940252,0.04725100000000004,-1.795578,1.7961996022394058,9.01251253939799
14,1740,0.600805,-0.951339,0.04753600000000002,-1.8066650000000002,1.8072902626642464,9.01659560110794
14,1750,0.601091,-0.962418,0.04782200000000003,-1.817744,1.8183729521800527,9.023080530892686
14,1760,0.601376,-0.973496,0.04810700000000001,-1.8288220000000002,1.829454615762031,9.023915882325253
14,1770,0.601661,-0.984574,0.04839199999999999,-1.8399,1.8405362793664242,9.023915864072697
14,1780,0.601946,-0.995651,0.04867699999999997,-1.8509769999999999,1.8516169433384433,9.024729948721472
14,1790,0.602231,-1.00673,0.04896199999999995,-1.862056,1.862699606640856,9.023101872834932
14,1800,0.602516,-1.01782,0.04924700000000004,-1.873146,1.8737932661649204,9.01415802270485
15,764,0.626897,0.329228,0.0,0.0,0.0,nan
15,770,0.627709,0.304306,0.0008119999999999239,-0.024922,0.024935224643062668,2.0485077127312206
15,780,0.629251,0.256927,0.0023539999999999672,-0.072301,0.07233931100722484,2.109522778939174
15,790,0.630735,0.211323,0.003838000000000008,-0.11790500000000001,0.11796745004025476,2.1916300361847023
15,800,0.632165,0.167385,0.005267999999999939,-0.16184300000000001,0.1619287141707733,2.27472985542694
15,810,0.63355,0.124842,0.006652999999999909,-0.204386,0.2044942527432006,2.3493183301286145
15,820,0.634884,0.0838381,0.007986999999999966,-0.24538990000000002,0.24551984683729747,2.4375027883968876
15,830,0.63617,0.0442815,0.009272999999999976,-0.2849465,0.285097345465106,2.5266882311186913
15,840,0.637412,0.00608452,0.010514999999999941,-0.32314348000000004,0.323314512342874,2.616625149630671
15,850,0.638612,-0.0308304,0.01171499999999992,-0.3600584,0.36024893148427245,2.7075016292300007
15,860,0.639772,-0.0665403,0.01287499999999997,-0.3957683,0.39597766718577704,2.7988675791790993
15,870,0.640895,-0.101134,0.013997999999999955,-0.430362,0.4305895900367309,2.8891778255319918
15,880,0.64199,-0.134817,0.015092999999999912,-0.46404500000000004,0.46429038399906586,2.9672891419639287
15,890,0.643048,-0.167438,0.016150999999999915,-0.49666600000000005,0.49692853646877644,3.0638989168521022
15,900,0.644074,-0.199032,0.017176999999999998,-0.52826,0.5285391914787397,3.1634902841615022
15,910,0.645068,-0.229689,0.018170999999999937,-0.558917,0.5592123014830771,3.260184571628354
15,920,0.646034,-0.259449,0.01913699999999996,-0.588677,0.5889879753424513,3.358446242804923
15,930,0.646971,-0.288364,0.020073999999999925,-0.617592,0.617918153107675,3.4565981865554876
15,940,0.647883,-0.31648,0.02098599999999995,-0.645708,0.6460489404526564,3.5548240713511405
15,950,0.648769,-0.343843,0.021872000000000003,-0.673071,0.67342628061652,3.6526557876500276
15,960,0.649635,-0.370575,0.022737999999999925,-0.699803,0.7001723041173508,3.7388735561715873
15,970,0.650478,-0.396594,0.023580999999999963,-0.725822,0.7262049567752894,3.8413296299063506
