data/WideFieldInstrument/Spectroscopy/Dispersion/Tel_Grism_dispersion_18Scas_filterAiming_241106.ecsv
# %ECSV 1.0
# ---
# datatype:
# - {name: SCA, unit: '', datatype: int16, description: Sensor Chip Assembly (SCA)}
# - {name: Wavelength, unit: nm, datatype: int16, description: Wavelength}
# - {name: Image x, unit: mm, datatype: float64, description: Absolute image location (x-coordinate)}
# - {name: Image y, unit: mm, datatype: float64, description: Absolute image location (y-coordinate)}
# - {name: Relative position x, unit: mm, datatype: float64, description: Relative image location (x-coordinate)}
# - {name: Relative position y, unit: mm, datatype: float64, description: Relative image location (y-coordinate)}
# - {name: RSS, unit: mm, datatype: float64, description: Residual sum of squares}
# - {name: Dispersion, unit: nm / pix, datatype: float64, description: Dispersion}
# delimiter: ','
# schema: astropy-2.0
SCA,Wavelength,Image x,Image y,Relative position x,Relative position y,RSS,Dispersion
[from data line 345]
4,1630,1.05737,0.190724,0.11694899999999997,5.766024000000001,5.76720988322577,1.0915341805321392
4,1640,1.05917,0.282332,0.118749,5.857632000000001,5.8588355474808305,1.0913972718563636
4,1650,1.06098,0.373953,0.12055900000000008,5.949253000000001,5.950474412220425,1.0912400571980587
4,1660,1.06279,0.465587,0.12236899999999995,6.040887000000001,6.042126274659443,1.0910853019111961
4,1670,1.06459,0.557233,0.12416899999999997,6.1325330000000005,6.133789932549859,1.0909448990084012
4,1680,1.06639,0.648893,0.125969,6.2241930000000005,6.225467588078024,1.0907783300509726
4,1690,1.06819,0.740566,0.12776900000000002,6.315866000000001,6.31715824143396,1.0906237041610714
4,1700,1.06999,0.832252,0.12956900000000005,6.407552000000001,6.408861892603476,1.0904691222724339
4,1710,1.07178,0.923948,0.131359,6.499248000000001,6.50057534010529,1.0903526442839515
4,1720,1.07358,1.01566,0.13315900000000003,6.590960000000001,6.5923049869435655,1.0901600894234966
4,1730,1.07537,1.10738,0.13494899999999999,6.68268,6.6840424306703055,1.090067435254375
4,1740,1.07716,1.19912,0.13673899999999994,6.77442,6.775799870902401,1.0898298791580863
4,1750,1.07895,1.29088,0.13852900000000012,6.86618,6.86757730762756,1.0895924267253725
4,1760,1.08073,1.38264,0.14030900000000002,6.957940000000001,6.959354543280649,1.089594813881646
4,1770,1.08251,1.47443,0.14208900000000013,7.04973,7.05116177355342,1.089238829043066
4,1780,1.0843,1.56623,0.1438790000000001,7.14153,7.1429792039135185,1.089117824445863
4,1790,1.08607,1.65804,0.14564900000000014,7.23334,7.234806230079767,1.0890040130337564
4,1800,1.08785,1.74987,0.14742900000000003,7.32517,7.326653454268258,1.0887645313567378
4,1810,1.08963,1.84171,0.14920900000000015,7.41701,7.418510677068613,1.0886460198926609
4,1820,1.0914,1.93357,0.15097899999999997,7.50887,7.51038769540834,1.0884114635744593
4,1830,1.09317,2.02544,0.15274900000000002,7.60074,7.602274712518682,1.0882930270760254
4,1840,1.09494,2.11734,0.15451900000000007,7.692640000000001,7.694191724343826,1.0879378910862818
4,1850,1.09671,2.20924,0.15628900000000012,7.78454,7.786108736918654,1.0879378822129573
4,1860,1.09847,2.30117,0.1580490000000001,7.87647,7.878055543552673,1.0875853513655491
4,1870,1.10023,2.39311,0.1598090000000001,7.96841,7.970012349085853,1.087467093057267
4,1880,1.10199,2.48506,0.16156900000000007,8.06036,8.061979153493327,1.0873488607577733
4,1890,1.10375,2.57704,0.16332900000000006,8.15234,8.153975952738701,1.0869943391539092
4,1900,1.10551,2.66903,0.16508900000000004,8.24433,8.245982750820001,1.086876210077833
4,1910,1.10726,2.76104,0.16683899999999996,8.33634,8.338009345612477,1.086642401856822
4,1920,1.10901,2.85306,0.1685890000000001,8.428360000000001,8.430045939407508,1.08652434729064
4,1930,1.11076,2.94511,0.17033900000000002,8.52041,8.522112528183433,1.0861703613607727
5,1000,0.912581,-4.9107,0.0,0.0,0.0,nan
5,1010,0.915082,-4.81562,0.0025009999999999755,0.09508000000000028,0.09511288767038908,1.051382230624172
5,1020,0.917583,-4.72057,0.005002000000000062,0.1901299999999999,0.19019578571566714,1.051713841877016
5,1030,0.920083,-4.62554,0.007502000000000009,0.2851600000000003,0.2852586643802431,1.0519353232805457
5,1040,0.922583,-4.53055,0.010002000000000066,0.38015000000000043,0.38028155688121446,1.0523779835367333
5,1050,0.925082,-4.43557,0.012500999999999984,0.47513000000000005,0.47529442654106524,1.0524889981536536
5,1060,0.927581,-4.34063,0.015000000000000013,0.5700700000000003,0.5702673100397745,1.0529321245822665
5,1070,0.930079,-4.24571,0.017498000000000014,0.6649900000000004,0.665220174155896,1.053154119476651
5,1080,0.932577,-4.15082,0.019996000000000014,0.7598799999999999,0.7601430486533438,1.0534868495021046
5,1090,0.935075,-4.05595,0.022494000000000014,0.8547500000000001,0.8550459300739348,1.0537087863204022
5,1100,0.937571,-3.96111,0.024990000000000068,0.9495900000000002,0.9499187692639831,1.0540424514932143
5,1110,0.94007,-3.86635,0.027488999999999986,1.0443500000000001,1.0447117150778966,1.0549308193914384
5,1120,0.942568,-3.7716,0.029986999999999986,1.1391000000000004,1.1394946380606628,1.055042373172881
5,1130,0.945064,-3.67687,0.03248300000000004,1.2338300000000002,1.2342575153463724,1.0552655519154452
5,1140,0.94756,-3.58215,0.03497899999999998,1.3285500000000003,1.3290103960996698,1.055376883583775
5,1150,0.950054,-3.48744,0.03747299999999998,1.4232600000000004,1.4237532276799238,1.0554888251919377
5,1160,0.952548,-3.39275,0.039966999999999975,1.5179500000000004,1.5184760661890595,1.0557116063446026
5,1170,0.955041,-3.29807,0.04246000000000005,1.6126300000000002,1.613188881842421,1.0558233255992417
5,1180,0.957533,-3.20341,0.04495199999999999,1.7072900000000004,1.707881678104195,1.056046541529457
5,1190,0.960023,-3.10876,0.047441999999999984,1.80194,1.8025644251909558,1.0561586252706294
5,1200,0.962513,-3.01412,0.049931999999999976,1.8965800000000002,1.8972371757437183,1.0562701454867793
5,1210,0.965003,-2.91953,0.05242200000000008,1.9911700000000003,1.9918599436165187,1.0568281001294326
5,1220,0.967492,-2.82495,0.05491100000000004,2.0857500000000004,2.086472688635296,1.0569400558048871
5,1230,0.969979,-2.73037,0.05739800000000006,2.18033,2.18108538102111,1.0569406437797726
5,1240,0.972465,-2.6358,0.05988400000000005,2.2749,2.2756880505587755,1.0570526232368709
5,1250,0.97495,-2.54123,0.06236900000000001,2.36947,2.3702906937886334,1.0570529171899357
5,1260,0.977433,-2.44667,0.06485200000000002,2.46403,2.464883287866588,1.0571652144098018
5,1270,0.979915,-2.35212,0.067334,2.55858,2.5594658591112327,1.0572772412936686
5,1280,0.982396,-2.25757,0.06981500000000007,2.6531300000000004,2.6540484040659473,1.0572775351718353
5,1290,0.984876,-2.16302,0.072295,2.7476800000000003,2.748630922736809,1.0572778289822304
5,1300,0.987354,-2.06848,0.07477299999999998,2.84222,2.843203392289936,1.0573901736152096
5,1310,0.989832,-1.97398,0.07725100000000007,2.93672,2.9377358757044516,1.0578374373336823
5,1320,0.992308,-1.87947,0.07972699999999999,3.0312300000000003,3.03227830309637,1.057726173937312
5,1330,0.994782,-1.78496,0.08220100000000008,3.1257400000000004,3.1268206779412537,1.057726761825802
5,1340,0.997256,-1.69045,0.08467500000000006,3.22025,3.2213630528279484,1.0577267613580263
5,1350,0.999727,-1.59594,0.08714600000000006,3.3147600000000006,3.315905348907897,1.0577276430375253
5,1360,1.0022,-1.50143,0.089619,3.4092700000000002,3.410447697599393,1.0577270544262998
5,1370,1.00467,-1.40692,0.09208899999999998,3.5037800000000003,3.5049899675064697,1.0577279358564953
5,1380,1.00713,-1.31241,0.0945490000000001,3.5982900000000004,3.5995319747851946,1.057730874120158
5,1390,1.0096,-1.2179,0.09701900000000008,3.6928,3.6940742448360453,1.0577279342479697
5,1400,1.01206,-1.12339,0.09947899999999998,3.78731,3.7886162523460993,1.0577308715320597
5,1410,1.01452,-1.0289,0.10193900000000011,3.8818,3.8831382668816987,1.0579545991620551
5,1420,1.01699,-0.934403,0.10440900000000009,3.976297,3.977667541598971,1.0578733445177728
5,1430,1.01945,-0.839902,0.10686899999999999,4.070798,4.072200552522554,1.057831534434418
5,1440,1.0219,-0.745397,0.10931900000000006,4.165303000000001,4.166737299803049,1.0577897259707412
5,1450,1.02436,-0.650887,0.11177899999999996,4.259813,4.261279307885133,1.0577308651322193
5,1460,1.02681,-0.556372,0.11422900000000002,4.354328000000001,4.355826052085299,1.0576778803539668
5,1470,1.02927,-0.461854,0.11668899999999993,4.4488460000000005,4.4503760576424325,1.0576413973828211
5,1480,1.03172,-0.367331,0.119139,4.543369,4.5449307994162025,1.0575884204650279
5,1490,1.03417,-0.272803,0.12158900000000006,4.637897000000001,4.639490539653035,1.0575325159475093
5,1500,1.03661,-0.17827,0.12402900000000006,4.73243,4.734055016340748,1.0574795473170828
5,1510,1.03906,-0.0837314,0.12647900000000012,4.826968600000001,4.82862535333059,1.0574140177880607
5,1520,1.0415,0.0108117,0.12891900000000012,4.9215117,4.9231999270594216,1.0573666478976134
5,1530,1.04395,0.105359,0.13136899999999996,5.016059,5.017778961417292,1.0573167793362879
5,1540,1.04639,0.199909,0.13380899999999996,5.110609,5.1123604332404025,1.0572895311570514
5,1550,1.04882,0.294463,0.1362390000000001,5.205163000000001,5.206945642283008,1.0572477558827946
5,1560,1.05126,0.389014,0.1386790000000001,5.299714000000001,5.301528114311666,1.057278350366024
5,1570,1.0537,0.483572,0.1411190000000001,5.394272,5.396117584165953,1.0572001318333608
5,1580,1.05613,0.578139,0.14354900000000004,5.4888390000000005,5.490715789705565,1.0571025045303484
5,1590,1.05856,0.672716,0.14597899999999997,5.583416000000001,5.585323992168853,1.0569908041409444
5,1600,1.06099,0.7673,0.14840900000000012,5.678,5.679939192568966,1.0569126269047149
5,1610,1.06342,0.861891,0.15083900000000006,5.772591,5.774561390893857,1.0568344613664973
5,1620,1.06585,0.956491,0.153269,5.867191,5.869192586450201,1.0567339809255525
5,1630,1.06827,1.0511,0.15568900000000008,5.9618,5.963832518164893,1.056636434411923
5,1640,1.07069,1.14572,0.15810899999999994,6.05642,6.058483446563256,1.0565136728413675
5,1650,1.07311,1.24035,0.16052900000000003,6.151050000000001,6.153144371972838,1.0564020958734304
5,1660,1.07553,1.33498,0.16294900000000012,6.24568,6.247805297782654,1.056402091406862
5,1670,1.07795,1.42963,0.165369,6.34033,6.342486217175485,1.0561790130607047
5,1680,1.08036,1.52429,0.167779,6.43499,6.437176872895524,1.0560704141246886
5,1690,1.08277,1.61895,0.17018900000000003,6.52965,6.531867529139045,1.0560704082863772
5,1700,1.08518,1.71363,0.17259900000000006,6.6243300000000005,6.626578179098244,1.055847468506226
5,1710,1.08759,1.80831,0.17500900000000008,6.719010000000001,6.721288829546087,1.055847463058757
5,1720,1.09,1.90301,0.1774190000000001,6.81371,6.816019473685577,1.0556246176554172
5,1730,1.0924,1.99771,0.17981900000000006,6.90841,6.910749858073363,1.0556275121891476
5,1740,1.09481,2.09243,0.18222900000000009,7.0031300000000005,7.00550049642001,1.0554018605568454
5,1750,1.09721,2.18716,0.18462900000000004,7.097860000000001,7.1002608717737274,1.0552934138000603
5,1760,1.0996,2.28189,0.18701899999999994,7.192590000000001,7.195020987770711,1.0552963021191666
5,1770,1.102,2.37664,0.18941900000000012,7.28734,7.289801357592744,1.0550707935384527
5,1780,1.1044,2.47141,0.19181900000000007,7.382110000000001,7.384601721207516,1.0548482747002617
5,1790,1.10679,2.56618,0.19420899999999996,7.47688,7.479401825686397,1.0548511581258597
5,1800,1.10918,2.66097,0.19659900000000008,7.57167,7.574221924112139,1.0546287301981025
5,1810,1.11157,2.75576,0.19898899999999997,7.666460000000001,7.669042023207398,1.0546287227514661
5,1820,1.11395,2.85057,0.20136900000000002,7.76127,7.763881856845903,1.0544092725970338
5,1830,1.11634,2.94539,0.20375900000000013,7.85609,7.858731947215213,1.0542952527576808
5,1840,1.11872,3.04023,0.20613899999999996,7.9509300000000005,7.953601772292916,1.0540759395107453
5,1850,1.1211,3.13508,0.208519,8.04578,8.048481594795444,1.053964872218596
5,1860,1.12348,3.22994,0.21089900000000006,8.140640000000001,8.143371414702942,1.05385382855066
5,1870,1.12585,3.32481,0.21326900000000004,8.23551,8.238270973114503,1.0537456830549201
5,1880,1.12823,3.4197,0.2156490000000001,8.330400000000001,8.333190784519518,1.053520845857016
5,1890,1.1306,3.5146,0.21801900000000007,8.4253,8.428120334591872,1.0534127668758673
5,1900,1.13297,3.60951,0.22038900000000006,8.52021,8.523059882191431,1.0533018381526902
5,1910,1.13533,3.70444,0.22274899999999997,8.61514,8.618019165481185,1.0530829270779705
5,1920,1.1377,3.79939,0.22511899999999996,8.710090000000001,8.712998701495428,1.0528583755663325
5,1930,1.14006,3.89434,0.2274790000000001,8.80504,8.807977980049735,1.0528612295451598
6,1000,0.89518,-4.41875,0.0,0.0,0.0,nan
6,1010,0.898277,-4.31949,0.0030970000000000164,0.09926000000000013,0.09930830282005641,1.0069651495423997
6,1020,0.901375,-4.22026,0.006195000000000062,0.1984900000000005,0.1985866514270287,1.0072689705575646
6,1030,0.904472,-4.12106,0.009292000000000078,0.29769000000000023,0.2978349834455317,1.007573608202875
6,1040,0.907566,-4.0219,0.012386000000000008,0.3968500000000006,0.39704324134280444,1.0079806068517716
6,1050,0.910662,-3.92276,0.015481999999999996,0.4959900000000004,0.4962315713696584,1.0081831196565794
6,1060,0.913757,-3.82365,0.018577000000000066,0.5951,0.5953898848057464,1.0084883106090192
6,1070,0.91685,-3.72457,0.021670000000000078,0.6941800000000002,0.6945181504467687,1.008794003943684
6,1080,0.919944,-3.62552,0.024764000000000008,0.7932300000000003,0.7936164618983156,1.009098929489772
6,1090,0.923036,-3.5265,0.027855999999999992,0.8922500000000002,0.8926847255532047,1.0094049931909244
6,1100,0.926128,-3.42751,0.030947999999999976,0.9912400000000003,0.9917230038191112,1.0097106063527417
6,1110,0.929221,-3.3286,0.03404099999999999,1.0901500000000004,1.0906813522660965,1.010526161454409
6,1120,0.932312,-3.2297,0.037132000000000054,1.1890500000000004,1.1896296431763966,1.0106288757493882
6,1130,0.935402,-3.13083,0.04022199999999998,1.2879200000000002,1.2885479174962802,1.0109355494478034
6,1140,0.938492,-3.03197,0.04331200000000002,1.3867800000000003,1.3874561966937915,1.011037708990049
6,1150,0.94158,-2.93312,0.0464,1.48563,1.4863544183336626,1.0111405275227392
6,1160,0.944667,-2.8343,0.04948700000000006,1.5844500000000004,1.5852226233778652,1.0114475119204533
6,1170,0.947754,-2.73549,0.05257400000000001,1.6832600000000002,1.684080833296312,1.011549775000935
6,1180,0.950838,-2.63669,0.055657999999999985,1.78206,1.7829289544353695,1.0116530172518108
6,1190,0.953921,-2.53792,0.05874100000000004,1.88083,1.8817470589802978,1.0119603129458357
6,1200,0.957004,-2.43916,0.06182399999999999,1.97959,1.980555168400012,1.0120626797464867
6,1210,0.960086,-2.34045,0.06490600000000002,2.0783,2.0793132709709714,1.0125751446889968
6,1220,0.963166,-2.24175,0.06798599999999999,2.177,2.1780613159863065,1.012678276156966
6,1230,0.966245,-2.14306,0.07106500000000004,2.27569,2.2767993346636852,1.01278110842739
6,1240,0.969323,-2.04438,0.07414300000000007,2.3743700000000003,2.3755273270053117,1.0128839615614997
6,1250,0.972401,-1.9457,0.07722099999999998,2.47305,2.4742553193518653,1.0128839615109504
6,1260,0.975476,-1.84704,0.08029600000000003,2.5717100000000004,2.5729632278204058,1.013090050751823
6,1270,0.97855,-1.74838,0.08337000000000006,2.67037,2.6716711050950863,1.0130903709105583
6,1280,0.981622,-1.64973,0.08644200000000002,2.7690200000000003,2.770368924848097,1.013193607014297
6,1290,0.984692,-1.55109,0.08951200000000004,2.86766,2.869056687091421,1.013296864037109
6,1300,0.987761,-1.45246,0.09258100000000002,2.96629,2.967734423034009,1.0133998215988829
6,1310,0.990829,-1.35386,0.09564899999999998,3.06489,3.06638214241164,1.013708179275711
6,1320,0.993896,-1.25527,0.09871600000000003,3.16348,3.1650198354917145,1.0138112204106373
6,1330,0.996961,-1.15667,0.10178100000000001,3.26208,3.2636674613632133,1.0137091401496359
6,1340,1.00002,-1.05808,0.10483999999999993,3.3606700000000003,3.362304905046537,1.0138137837498202
6,1350,1.00309,-0.959496,0.10791000000000006,3.459254,3.460936694684836,1.0138719003955838
6,1360,1.00615,-0.860912,0.11097000000000012,3.5578380000000003,3.5595681725658803,1.0138751050714896
6,1370,1.00921,-0.762331,0.11402999999999996,3.656419,3.6581966519667857,1.0139059286671113
6,1380,1.01226,-0.663753,0.11707999999999996,3.7549970000000004,3.756821821221896,1.0139399582811732
6,1390,1.01532,-0.565177,0.12014000000000002,3.853573,3.8554453031950797,1.0139573050887651
6,1400,1.01837,-0.466603,0.12319000000000002,3.952147,3.9540664746193888,1.013981060615866
6,1410,1.02143,-0.368051,0.12625000000000008,4.050699,4.052665968359716,1.0142039903709952
6,1420,1.02448,-0.269497,0.12930000000000008,4.149253,4.151267149679601,1.014186632060493
6,1430,1.02752,-0.170941,0.13234,4.247809,4.24987001872775,1.0141692728146596
6,1440,1.03057,-0.0723848,0.13539,4.3463652,4.348473399236914,1.0141640122643238
6,1450,1.03362,0.0261738,0.13844,4.4449238,4.447079178675194,1.0141393391914972
