data/WideFieldInstrument/Spectroscopy/Dispersion/Tel_Grism_dispersion_18Scas_filterAiming_241106.ecsv
# %ECSV 1.0
# ---
# datatype:
# - {name: SCA, unit: '', datatype: int16, description: Sensor Chip Assembly (SCA)}
# - {name: Wavelength, unit: nm, datatype: int16, description: Wavelength}
# - {name: Image x, unit: mm, datatype: float64, description: Absolute image location (x-coordinate)}
# - {name: Image y, unit: mm, datatype: float64, description: Absolute image location (y-coordinate)}
# - {name: Relative position x, unit: mm, datatype: float64, description: Relative image location (x-coordinate)}
# - {name: Relative position y, unit: mm, datatype: float64, description: Relative image location (y-coordinate)}
# - {name: RSS, unit: mm, datatype: float64, description: Residual sum of squares}
# - {name: Dispersion, unit: nm / pix, datatype: float64, description: Dispersion}
# delimiter: ','
# schema: astropy-2.0
SCA,Wavelength,Image x,Image y,Relative position x,Relative position y,RSS,Dispersion
[from data line 1369]
15,1530,-1.24624,0.801605,-0.17186999999999997,5.234685000000001,5.237505737097098,1.0137165087075373
15,1540,-1.24944,0.900199,-0.17507000000000006,5.333279,5.336151646715169,1.0137267767834641
15,1550,-1.25263,0.998795,-0.17825999999999986,5.431875000000001,5.434799227499118,1.0137096034723085
15,1560,-1.25582,1.09738,-0.1814499999999999,5.530460000000001,5.533435814582113,1.0138225881219733
15,1570,-1.25902,1.19598,-0.18464999999999998,5.629060000000001,5.632087721804412,1.0136651466318123
15,1580,-1.2622,1.29458,-0.18782999999999994,5.72766,5.730738973683935,1.013671880435175
15,1590,-1.26539,1.39318,-0.19101999999999997,5.82626,5.8293905537371575,1.0136685083609398
15,1600,-1.26857,1.49179,-0.19419999999999993,5.92487,5.928051801131633,1.0135691838576886
15,1610,-1.27175,1.59041,-0.1973799999999999,6.023490000000001,6.026723043619974,1.0134665124118214
15,1620,-1.27493,1.68903,-0.20055999999999985,6.12211,6.12539428655005,1.0134665078746923
15,1630,-1.27811,1.78765,-0.20374000000000003,6.2207300000000005,6.224065529900855,1.013466503553331
15,1640,-1.28128,1.88628,-0.20690999999999993,6.3193600000000005,6.322746441041267,1.0133672140269478
15,1650,-1.28446,1.98492,-0.2100899999999999,6.418,6.421437674547655,1.0132612233844174
15,1660,-1.28763,2.08357,-0.21326,6.51665,6.5201385759890105,1.0131619725825558
15,1670,-1.29079,2.18222,-0.21642000000000006,6.6153,6.618839150968998,1.0131653237103866
15,1680,-1.29396,2.28088,-0.21958999999999995,6.71396,6.717550048172325,1.0130593767577394
15,1690,-1.29712,2.37954,-0.22275,6.812620000000001,6.8162606190564645,1.0130627257477203
15,1700,-1.30028,2.47822,-0.22591000000000006,6.911300000000001,6.914991179900377,1.0128576111108545
15,1710,-1.30344,2.57689,-0.22906999999999988,7.009970000000001,7.013711746700174,1.0129601484440136
15,1720,-1.3066,2.67558,-0.23222999999999994,7.10866,7.112452303425311,1.0127550756916373
15,1730,-1.30975,2.77427,-0.23537999999999992,7.20735,7.211192534310813,1.0127584177513087
15,1740,-1.3129,2.87297,-0.2385299999999999,7.306050000000001,7.309942760610373,1.0126559072041867
15,1750,-1.31605,2.97168,-0.2416799999999999,7.4047600000000005,7.408702982303988,1.0125534176121151
15,1760,-1.3192,3.07039,-0.24482999999999988,7.50347,7.507463204691716,1.0125534104956284
15,1770,-1.32235,3.16912,-0.24797999999999987,7.6022,7.606243417114654,1.0123485012548759
15,1780,-1.32549,3.26785,-0.25112,7.7009300000000005,7.705023304267159,1.0123518347982272
15,1790,-1.32863,3.36659,-0.25425999999999993,7.799670000000001,7.803813186929837,1.0122494055535416
15,1800,-1.33176,3.46534,-0.25739,7.89842,7.902612739372973,1.0121503339557607
15,1810,-1.3349,3.5641,-0.26052999999999993,7.99718,8.001422613092,1.0120446088652755
15,1820,-1.33803,3.66287,-0.26366,8.09595,8.100242156756797,1.0119455756566413
15,1830,-1.34116,3.76165,-0.26678999999999986,8.19473,8.199071696051938,1.0118432273711628
15,1840,-1.34429,3.86044,-0.26991999999999994,8.293520000000001,8.297911230954451,1.0117409000217503
15,1850,-1.34741,3.95924,-0.27303999999999995,8.39232,8.396760436263499,1.011641921524352
15,1860,-1.35054,4.05804,-0.27617,8.49112,8.495609967700966,1.0116385838739157
15,1870,-1.35366,4.15686,-0.27929000000000004,8.58994,8.594479164422939,1.0114373669001004
15,1880,-1.35677,4.25569,-0.2824,8.688770000000002,8.69335803202077,1.011338442979839
15,1890,-1.35989,4.35453,-0.28552,8.78761,8.792247220278783,1.011232893722298
15,1900,-1.363,4.45338,-0.28862999999999994,8.88646,8.89114607958389,1.0111340080424558
15,1910,-1.36611,4.55224,-0.2917399999999999,8.985320000000002,8.990054934759856,1.0110318213884228
15,1920,-1.36922,4.65111,-0.29485000000000006,9.08419,9.088973785780217,1.0109296556570024
15,1930,-1.37233,4.74999,-0.29796,9.18307,9.1879026326197,1.010827510829628
16,1000,-1.89512,-6.09681,0.0,0.0,0.0,nan
16,1010,-1.89781,-6.00507,-0.002690000000000081,0.09173999999999971,0.09177942961252236,1.0895687674480385
16,1020,-1.9005,-5.91336,-0.005380000000000162,0.18344999999999967,0.1835288721155336,1.0899248787993234
16,1030,-1.90319,-5.82167,-0.008070000000000022,0.2751399999999995,0.2752583232165737,1.0901624156657157
16,1040,-1.90588,-5.73001,-0.010760000000000103,0.36679999999999957,0.36695778721809363,1.0905189151197487
16,1050,-1.90857,-5.63837,-0.013450000000000184,0.4584399999999995,0.4586372598252344,1.0907567109216896
16,1060,-1.91126,-5.54675,-0.016140000000000043,0.5500599999999993,0.5502967410406855,1.0909946104205412
16,1070,-1.91396,-5.45515,-0.01884000000000019,0.6416599999999999,0.6419365242763492,1.091229119811828
16,1080,-1.91665,-5.36358,-0.02153000000000005,0.7332299999999998,0.7335460270494277,1.0915898129881256
16,1090,-1.91934,-5.27203,-0.02422000000000013,0.8247799999999996,0.8251355384420183,1.0918280759393797
16,1100,-1.92203,-5.18051,-0.02690999999999999,0.9162999999999997,0.9166950627662392,1.0921856654245001
16,1110,-1.92472,-5.08906,-0.02960000000000007,1.0077499999999997,1.008184617270071,1.0930209524171612
16,1120,-1.92742,-4.99762,-0.032299999999999995,1.0991899999999992,1.0996644697815776,1.093136873908074
16,1130,-1.93011,-4.9062,-0.03499000000000008,1.1906099999999995,1.1911240372857894,1.0933793230040683
16,1140,-1.9328,-4.81478,-0.03768000000000016,1.2820299999999998,1.2825836047993127,1.0933793228927522
16,1150,-1.93549,-4.72337,-0.04037000000000002,1.3734399999999996,1.3740331766373033,1.0934988320902919
16,1160,-1.93818,-4.63197,-0.0430600000000001,1.4648399999999997,1.4654727528002693,1.0936183674099422
16,1170,-1.94087,-4.54059,-0.04575000000000018,1.5562199999999997,1.5568923376071961,1.0938575165397497
16,1180,-1.94356,-4.44921,-0.04844000000000004,1.6475999999999997,1.6483119224224518,1.0938575164400928
16,1190,-1.94624,-4.35784,-0.051120000000000054,1.7389699999999992,1.7397212176955241,1.0939806471679296
16,1200,-1.94892,-4.26648,-0.05380000000000007,1.83033,1.831120517306275,1.0941002877032708
16,1210,-1.95161,-4.17518,-0.05649000000000015,1.9216299999999995,1.9224601366478313,1.0948151603967053
16,1220,-1.95429,-4.08387,-0.05917000000000017,2.0129399999999995,2.0138094578435166,1.0946988843604382
16,1230,-1.95697,-3.99256,-0.06185000000000018,2.1042499999999995,2.105158779047319,1.094698884263166
16,1240,-1.95965,-3.90126,-0.06452999999999998,2.1955499999999994,2.1964981045746423,1.0948186821248844
16,1250,-1.96233,-3.80995,-0.06720999999999999,2.2868599999999994,2.287847425791326,1.0946988841088015
16,1260,-1.965,-3.71865,-0.06988000000000016,2.37816,2.379186457594276,1.0948222027986305
16,1270,-1.96767,-3.62735,-0.07255000000000011,2.4694599999999998,2.470525489465753,1.0948222019772418
16,1280,-1.97034,-3.53605,-0.07522000000000006,2.5607599999999997,2.5618645213984284,1.094822201243699
16,1290,-1.97301,-3.44475,-0.07789000000000001,2.6520599999999996,2.6532035533859815,1.094822200585913
16,1300,-1.97567,-3.35345,-0.08055000000000012,2.7433599999999996,2.74454229191317,1.094825718117764
16,1310,-1.97834,-3.26218,-0.08322000000000007,2.8346299999999998,2.835851336953332,1.095181752870328
16,1320,-1.981,-3.17091,-0.08588000000000018,2.9258999999999995,2.927160088618318,1.0951852716911783
16,1330,-1.98366,-3.07963,-0.08854000000000006,3.0171799999999998,3.0184788361027146,1.0950653918800899
16,1340,-1.98632,-2.98835,-0.09120000000000017,3.1084599999999996,3.109797583702193,1.0950653905000665
16,1350,-1.98897,-2.89706,-0.09384999999999999,3.1997499999999994,3.201126033913691,1.0949490522221803
16,1360,-1.99162,-2.80577,-0.09650000000000003,3.2910399999999997,3.292454484362692,1.0949490493747207
16,1370,-1.99427,-2.71447,-0.09915000000000007,3.3823399999999997,3.383792930736158,1.094829220010141
16,1380,-1.99692,-2.62317,-0.10180000000000011,3.4736399999999996,3.475131377315108,1.0948292175471095
16,1390,-1.99956,-2.53186,-0.10444000000000009,3.5649499999999996,3.5664795269425,1.0947129242124611
16,1400,-2.0022,-2.44055,-0.10708000000000029,3.6562599999999996,3.6578276769142635,1.0947129200855292
16,1410,-2.00484,-2.34925,-0.10972000000000026,3.7475599999999996,3.749165831488386,1.0948327176771289
16,1420,-2.00747,-2.25795,-0.11235000000000017,3.8388599999999995,3.8405036938011134,1.0948362209049125
16,1430,-2.0101,-2.16663,-0.11498000000000008,3.9301799999999996,3.931861548020225,1.0945966370900246
16,1440,-2.01273,-2.07531,-0.11760999999999999,4.0215,4.023219402679898,1.0945966318114642
16,1450,-2.01536,-1.98397,-0.1202399999999999,4.112839999999999,4.1145972492092096,1.0943571532726277
16,1460,-2.01798,-1.89263,-0.12286000000000019,4.204179999999999,4.205974804013927,1.0943606470287992
16,1470,-2.0206,-1.80128,-0.12548000000000004,4.295529999999999,4.297362355131342,1.0942409417615293
16,1480,-2.02321,-1.70992,-0.12809000000000026,4.386889999999999,4.388759610664498,1.094124756992545
16,1490,-2.02583,-1.61855,-0.1307100000000001,4.47826,4.480167154437432,1.0940016094121296
16,1500,-2.02844,-1.52717,-0.13331999999999988,4.56964,4.571584402808287,1.0938854732788252
16,1510,-2.03104,-1.43578,-0.13592000000000004,4.661029999999999,4.663011356119561,1.0937693577028362
16,1520,-2.03364,-1.34439,-0.1385200000000002,4.75242,4.754438310336984,1.0937693468623026
16,1530,-2.03624,-1.25298,-0.1411199999999999,4.84383,4.8458852569267465,1.0935302241266416
16,1540,-2.03884,-1.16156,-0.14372000000000007,4.93525,4.937342200101184,1.0934106971984456
16,1550,-2.04143,-1.07014,-0.14631000000000016,5.026669999999999,5.028798853105977,1.0934141663237873
16,1560,-2.04402,-0.978716,-0.14890000000000025,5.118093999999999,5.120259505419232,1.0933663545007086
16,1570,-2.04661,-0.887279,-0.1514899999999999,5.209530999999999,5.211733153190116,1.093211022375225
16,1580,-2.04919,-0.79583,-0.15406999999999993,5.300979999999999,5.303218506275221,1.0930711488534612
16,1590,-2.05177,-0.704366,-0.15664999999999996,5.392443999999999,5.394718854179149,1.0928920194379648
16,1600,-2.05435,-0.612889,-0.15922999999999998,5.483921,5.486232197705544,1.0927368200808594
16,1610,-2.05692,-0.521401,-0.16179999999999994,5.575409,5.577756247567743,1.0926089934892758
16,1620,-2.05949,-0.429899,-0.1643699999999999,5.666911,5.669294292839365,1.092441942618163
16,1630,-2.06205,-0.338383,-0.16693000000000024,5.758426999999999,5.7608460437013065,1.092278400560557
16,1640,-2.06462,-0.246852,-0.1695000000000002,5.849958,5.852413079385631,1.0920960720487682
16,1650,-2.06717,-0.155307,-0.17205000000000004,5.941503,5.943993531415474,1.0919360822483493
16,1660,-2.06973,-0.063748,-0.17460999999999993,6.033061999999999,6.035588268590228,1.0917657835428876
16,1670,-2.07228,0.027826,-0.1771600000000002,6.124636,6.127197711686477,1.0915905240787884
16,1680,-2.07482,0.119415,-0.17969999999999997,6.216225,6.218821861142591,1.0914153156520954
16,1690,-2.07737,0.211018,-0.18225000000000025,6.307828,6.310460295420929,1.0912451831757148
16,1700,-2.0799,0.302636,-0.18477999999999994,6.399445999999999,6.402113147650234,1.0910735189103629
16,1710,-2.08244,0.394265,-0.18732000000000015,6.4910749999999995,6.493777285834878,1.0909391827648531
16,1720,-2.08497,0.485912,-0.1898500000000003,6.5827219999999995,6.5854591299152405,1.0907284970440434
16,1730,-2.08749,0.577574,-0.19236999999999993,6.674384,6.677155681602459,1.0905535503789188
16,1740,-2.09002,0.669252,-0.19490000000000007,6.766062,6.768868516808699,1.0903599237241302
16,1750,-2.09253,0.760946,-0.19741000000000009,6.857755999999999,6.860596771683641,1.0901766324491398
16,1760,-2.09505,0.852657,-0.19993000000000016,6.949466999999999,6.952342309537771,1.0899712655125913
16,1770,-2.09756,0.944384,-0.20244000000000018,7.041194,7.044103555402632,1.089784680422414
16,1780,-2.10007,1.03613,-0.2049500000000002,7.13294,7.135883795725656,1.0895591431014628
16,1790,-2.10257,1.12789,-0.20745000000000013,7.2246999999999995,7.227677745479525,1.0893964173906217
16,1800,-2.10507,1.21967,-0.20995000000000008,7.316479999999999,7.319491689516424,1.08915918000224
16,1810,-2.10756,1.31146,-0.21243999999999996,7.40827,7.411315345233935,1.0890439856548815
16,1820,-2.11005,1.40327,-0.2149300000000003,7.50008,7.503158995469841,1.088806898932523
16,1830,-2.11254,1.4951,-0.21742000000000017,7.5919099999999995,7.59502264015717,1.0885699162096594
16,1840,-2.11502,1.58695,-0.21989999999999998,7.6837599999999995,7.686905993154853,1.088336425886873
16,1850,-2.1175,1.67881,-0.22238000000000024,7.77562,7.778799344937495,1.0882180055477026
16,1860,-2.11997,1.7707,-0.22485,7.867509999999999,7.870722401571535,1.087866348897812
16,1870,-2.12244,1.8626,-0.2273200000000002,7.95941,7.962655457226566,1.0877480280350902
16,1880,-2.12491,1.95452,-0.22978999999999994,8.05133,8.054608507742632,1.0875115011277179
16,1890,-2.12737,2.04646,-0.23225000000000007,8.14327,8.146581267955288,1.087278448192531
16,1900,-2.12983,2.13842,-0.2347100000000002,8.23523,8.238574023276115,1.087042122515485
16,1910,-2.13228,2.23039,-0.23716000000000026,8.3272,8.330576492992547,1.086927343453039
16,1920,-2.13473,2.32239,-0.23960999999999988,8.4192,8.422608954005879,1.0865731384224717
16,1930,-2.13717,2.41441,-0.24204999999999988,8.51122,8.514661126016701,1.0863404720992713
17,1000,-1.82882,-5.34826,0.0,0.0,0.0,nan
17,1010,-1.83265,-5.25393,-0.00383,0.09432999999999936,0.09440772108254641,1.059235397839589
17,1020,-1.83649,-5.15962,-0.007670000000000066,0.18863999999999947,0.18879586462632014,1.0594550993962892
17,1030,-1.84032,-5.06534,-0.011500000000000066,0.28291999999999984,0.2831536268529858,1.0597962228033833
17,1040,-1.84415,-4.97109,-0.015330000000000066,0.37716999999999956,0.37748141384709216,1.06013300202037
17,1050,-1.84798,-4.87686,-0.019160000000000066,0.47140000000000004,0.47178921734181256,1.0603576405593864
17,1060,-1.85181,-4.78266,-0.022990000000000066,0.5655999999999999,0.5660670455873579,1.0606947769262502
17,1070,-1.85564,-4.68849,-0.026820000000000066,0.65977,0.6603148985900591,1.0610321276722763
17,1080,-1.85947,-4.59434,-0.030650000000000066,0.7539199999999999,0.7545427681052943,1.0612571473223378
17,1090,-1.86329,-4.50021,-0.03447,0.8480499999999997,0.8487502479528354,1.0614868390687568
17,1100,-1.86712,-4.40611,-0.0383,0.9421499999999998,0.9429281587162406,1.0618201146043802
17,1110,-1.87095,-4.31209,-0.04213,1.0361699999999994,1.0370261355433616,1.0627221048941602
17,1120,-1.87478,-4.21808,-0.04596,1.1301800000000002,1.1311141206792532,1.0628349608674232
17,1130,-1.87861,-4.12409,-0.04979,1.22417,1.225182122380179,1.0630607453311696
17,1140,-1.88244,-4.0301,-0.05362,1.3181599999999998,1.319250124123549,1.0630607448515101
17,1150,-1.88626,-3.93613,-0.05744000000000016,1.4121299999999999,1.413297735970733,1.0632912206477705
17,1160,-1.89009,-3.84218,-0.06127000000000016,1.5060799999999999,1.5073257707940908,1.0635126022559256
17,1170,-1.89391,-3.74823,-0.06509000000000009,1.6000299999999998,1.6013533991595983,1.0635171995541195
17,1180,-1.89773,-3.6543,-0.06891000000000003,1.6939599999999997,1.695361044055218,1.0637432744010744
17,1190,-1.90155,-3.56038,-0.07273000000000018,1.78788,1.78935869721529,1.0638563478782441
17,1200,-1.90536,-3.46647,-0.07654000000000005,1.8817899999999996,1.8833459522084621,1.0639740463455882
17,1210,-1.90918,-3.37262,-0.08036000000000021,1.9756399999999998,1.977273663203958,1.0646485359873754
17,1220,-1.913,-3.27876,-0.08418000000000014,2.0694999999999997,2.0712113659402314,1.0645352939995385
17,1230,-1.91681,-3.18492,-0.08799000000000001,2.16334,2.165128678785628,1.0647664096247793
17,1240,-1.92062,-3.09107,-0.0918000000000001,2.2571899999999996,2.2590559833921775,1.0646531423305308
17,1250,-1.92443,-2.99723,-0.0956100000000002,2.3510299999999997,2.352973296278561,1.064766409160096
17,1260,-1.92823,-2.9034,-0.09941000000000022,2.44486,2.4468802111464303,1.0648843074091419
17,1270,-1.93204,-2.80956,-0.10322000000000009,2.5387,2.5407975240856953,1.0647664085605666
17,1280,-1.93584,-2.71574,-0.10702000000000012,2.63252,2.6346944473316065,1.0649976223193713
17,1290,-1.93964,-2.62191,-0.11082000000000014,2.7263499999999996,2.728601362401624,1.064884305116821
