data/WideFieldInstrument/Spectroscopy/Dispersion/Tel_prism_dispersion_18Scas_filterAiming_241106.ecsv
# %ECSV 1.0
# ---
# datatype:
# - {name: SCA, unit: '', datatype: int16, description: Sensor Chip Assembly (SCA)}
# - {name: Wavelength, unit: nm, datatype: int16, description: Wavelength}
# - {name: Image x, unit: mm, datatype: float64, description: Absolute image location (x-coordinate)}
# - {name: Image y, unit: mm, datatype: float64, description: Absolute image location (y-coordinate)}
# - {name: Relative position x, unit: mm, datatype: float64, description: Relative image location (x-coordinate)}
# - {name: Relative position y, unit: mm, datatype: float64, description: Relative image location (y-coordinate)}
# - {name: RSS, unit: mm, datatype: float64, description: Residual sum of squares}
# - {name: Dispersion, unit: nm / pix, datatype: float64, description: Dispersion}
# delimiter: ','
# schema: astropy-2.0
SCA,Wavelength,Image x,Image y,Relative position x,Relative position y,RSS,Dispersion
[from data line 165]
2,1360,-0.258317,-0.512954,-0.008627000000000024,-1.366146,1.3661732388116083,7.699276374339232
2,1370,-0.258395,-0.52583,-0.00870499999999999,-1.379022,1.379049474641501,7.766244834367405
2,1380,-0.258472,-0.538598,-0.008781999999999984,-1.3917899999999999,1.3918177063193296,7.8319380884703955
2,1390,-0.258549,-0.551259,-0.008858999999999978,-1.404451,1.404478940134739,7.89812442119928
2,1400,-0.258624,-0.563812,-0.008934000000000025,-1.417004,1.417032163492417,7.966081471723107
2,1410,-0.2587,-0.576354,-0.00900999999999999,-1.429546,1.4295743933828697,7.973063870892768
2,1420,-0.258775,-0.588743,-0.009084999999999982,-1.441935,1.4419636200161223,8.071528833898377
2,1430,-0.258849,-0.601052,-0.009159,-1.454244,1.4542728419443856,8.123990336902597
2,1440,-0.258922,-0.613282,-0.00923199999999999,-1.4664739999999998,1.4665030591512584,8.176469665951965
2,1450,-0.258995,-0.62543,-0.00930499999999998,-1.478622,1.4786512779925496,8.23165941496752
2,1460,-0.259067,-0.637495,-0.009376999999999996,-1.4906869999999999,1.4907164921936027,8.288290479855014
2,1470,-0.259139,-0.649509,-0.009449000000000013,-1.502701,1.5027307074130083,8.323473333362466
2,1480,-0.25921,-0.66146,-0.00952,-1.5146519999999999,1.5146819175998634,8.367353467683818
2,1490,-0.259281,-0.673343,-0.009590999999999988,-1.526535,1.5265651291399263,8.415233513504447
2,1500,-0.259351,-0.685166,-0.009661000000000003,-1.5383580000000001,1.5383883355918297,8.4579424715958
2,1510,-0.259421,-0.69692,-0.009731000000000017,-1.550112,1.5501425434149596,8.507591622059005
2,1520,-0.259491,-0.708625,-0.009801000000000032,-1.561817,1.5618477522121035,8.543205143371768
2,1530,-0.25956,-0.720277,-0.009870000000000018,-1.5734689999999998,1.5734999557867804,8.582067705830736
2,1540,-0.259629,-0.731879,-0.009939000000000003,-1.585071,1.585102160354972,8.619051613187217
2,1550,-0.259698,-0.743445,-0.010007999999999989,-1.5966369999999999,1.5966683656392142,8.645878016382754
2,1560,-0.259766,-0.754979,-0.010076000000000002,-1.608171,1.608202565293626,8.669868997954275
2,1570,-0.259834,-0.766467,-0.010144000000000014,-1.619659,1.6196907658614963,8.704583403572883
2,1580,-0.259902,-0.777912,-0.010212000000000027,-1.631104,1.6311359672816979,8.737286162871124
2,1590,-0.25997,-0.789309,-0.010279999999999984,-1.642501,1.6425331696501597,8.774083039599104
2,1600,-0.260037,-0.800673,-0.010347000000000023,-1.653865,1.6538973664148569,8.79956604681907
2,1610,-0.260104,-0.812087,-0.010414000000000007,-1.665279,1.6653115622120085,8.761020204765941
2,1620,-0.260172,-0.823459,-0.010482000000000019,-1.6766510000000001,1.6766837650925712,8.793371086521779
2,1630,-0.260239,-0.834798,-0.010549000000000003,-1.68799,1.688022962373735,8.818966415384224
2,1640,-0.260306,-0.846099,-0.010615999999999987,-1.699291,1.6993241604052478,8.848619387179632
2,1650,-0.260372,-0.857371,-0.010681999999999997,-1.710563,1.7105963527650234,8.871388706676633
2,1660,-0.260438,-0.868617,-0.010748000000000008,-1.721809,1.721842545642603,8.89189800393343
2,1670,-0.260504,-0.879832,-0.010814000000000018,-1.733024,1.7330577391339272,8.916475678940085
2,1680,-0.26057,-0.891029,-0.010880000000000029,-1.744221,1.744254932984568,8.930809034290084
2,1690,-0.260636,-0.902206,-0.010945999999999984,-1.755398,1.7554321272324944,8.946789129888481
2,1700,-0.260701,-0.913363,-0.01101100000000002,-1.7665549999999999,1.7665893156435653,8.962831523107921
2,1710,-0.260766,-0.924508,-0.011076000000000003,-1.7776999999999998,1.7777345042992216,8.9724815873124
2,1720,-0.260831,-0.935639,-0.011140999999999984,-1.788831,1.7888656932374774,8.983766294391037
2,1730,-0.260897,-0.94676,-0.011206999999999995,-1.799952,1.7999868886058588,8.991839158253553
2,1740,-0.260961,-0.957877,-0.011271000000000003,-1.8110689999999998,1.8111040716099114,8.995084452918183
2,1750,-0.261026,-0.968985,-0.011335999999999985,-1.822177,1.822212261023671,9.002367197315728
2,1760,-0.261091,-0.980092,-0.011401000000000022,-1.833284,1.833319450466012,9.003177673264249
2,1770,-0.261156,-0.9912,-0.011466000000000004,-1.844392,1.8444276398980797,9.002367182478428
2,1780,-0.261221,-1.0023,-0.011530999999999986,-1.855492,1.855527829493538,9.008855131710114
2,1790,-0.261286,-1.01342,-0.011596000000000023,-1.866612,1.8666480187116155,8.992652736289397
2,1800,-0.261351,-1.02453,-0.011661000000000005,-1.877722,1.8777582081314408,9.000746631876249
3,764,-0.271715,0.304401,0.0,0.0,0.0,nan
3,770,-0.271915,0.279355,-0.00020000000000003348,-0.025045999999999957,0.025046798517974266,2.03938239704939
3,780,-0.272296,0.231741,-0.0005809999999999982,-0.07265999999999997,0.07266232284341037,2.100155388745352
3,790,-0.272663,0.185911,-0.0009480000000000044,-0.11848999999999998,0.11849379225934156,2.1819069140567335
3,800,-0.273016,0.141755,-0.0013009999999999966,-0.16264599999999999,0.16265120324485766,2.2646255241911857
3,810,-0.273358,0.0990011,-0.0016430000000000056,-0.20539989999999997,0.20540647109818616,2.338893077293983
3,820,-0.273688,0.0577931,-0.0019730000000000025,-0.2466079,0.2466157924209437,2.426635450188202
3,830,-0.274005,0.0180402,-0.0022900000000000142,-0.28636079999999997,0.28636995630938655,2.5154597712233997
3,840,-0.274311,-0.0203466,-0.0025960000000000427,-0.32474759999999997,0.32475797591708194,2.6049793925799096
3,850,-0.274607,-0.0574455,-0.0028920000000000057,-0.36184649999999996,0.3618580567380668,2.6954119179017293
3,860,-0.274892,-0.0933325,-0.003177000000000041,-0.39773349999999996,0.3977461883554008,2.7864365040307613
3,870,-0.275169,-0.128099,-0.0034540000000000126,-0.4325,0.43251379182171756,2.8762408112736666
3,880,-0.275439,-0.161949,-0.003724000000000005,-0.46635,0.4663648686125489,2.9541157765204478
3,890,-0.275699,-0.194732,-0.003984000000000043,-0.49913299999999994,0.4991488995730632,3.0502655430151915
3,900,-0.275952,-0.226484,-0.004236999999999991,-0.5308849999999999,0.530901907506462,3.14930793988864
3,910,-0.276196,-0.257293,-0.004481000000000013,-0.5616939999999999,0.5617118736478693,3.245703015090439
3,920,-0.276433,-0.287202,-0.004718,-0.591603,0.591621812590611,3.343370248646643
3,930,-0.276663,-0.316261,-0.004948000000000008,-0.620662,0.6206817227436298,3.4411668678064324
3,940,-0.276887,-0.344517,-0.00517200000000001,-0.648918,0.6489386105850075,3.538960148808956
3,950,-0.277104,-0.372017,-0.005389000000000033,-0.676418,0.6764394666524123,3.6362504408917014
3,960,-0.277316,-0.398882,-0.005601000000000023,-0.703283,0.7033053030441332,3.722199396361113
3,970,-0.277523,-0.42503,-0.005808000000000035,-0.7294309999999999,0.729454122357945,3.8242644457442028
3,980,-0.277719,-0.450036,-0.006004000000000009,-0.754437,0.7544608902951829,3.998917423114435
3,990,-0.277911,-0.474446,-0.006196000000000035,-0.778847,0.7788716452824559,4.096554983741265
3,1000,-0.278099,-0.498395,-0.006384000000000001,-0.802796,0.8028213830435759,4.175411062844291
3,1010,-0.278284,-0.521966,-0.0065689999999999915,-0.8263670000000001,0.8263931089076192,4.242370735888353
3,1020,-0.278466,-0.545066,-0.006751000000000007,-0.849467,0.8494938258104058,4.328869983595064
3,1030,-0.278644,-0.567709,-0.0069290000000000185,-0.8721099999999999,0.8721375253599629,4.416239483355792
3,1040,-0.278818,-0.589906,-0.007103000000000026,-0.894307,0.8943352072114795,4.504974918953879
3,1050,-0.278989,-0.611671,-0.007274000000000003,-0.916072,0.9161008788665144,4.594390726135389
3,1060,-0.279157,-0.633081,-0.007442000000000004,-0.9374819999999999,0.9375115378959343,4.670570852704346
3,1070,-0.279321,-0.654079,-0.007606000000000002,-0.95848,0.9585101781598357,4.762213112051315
3,1080,-0.279483,-0.674643,-0.007767999999999997,-0.979044,0.979074816221927,4.8627162655655605
3,1090,-0.27964,-0.694785,-0.007925000000000015,-0.9991859999999999,0.9992174279009548,4.964599506434352
3,1100,-0.279794,-0.714515,-0.008079000000000003,-1.018916,1.018948028751712,5.068269372859057
3,1110,-0.27994,-0.733326,-0.008225000000000038,-1.037727,1.0377595950671812,5.315878450683193
3,1120,-0.280085,-0.751946,-0.008369999999999989,-1.056347,1.0563801594639117,5.370406496247681
3,1130,-0.280228,-0.770351,-0.008512999999999993,-1.074752,1.074785714769693,5.433142240950971
3,1140,-0.280369,-0.78847,-0.008653999999999995,-1.092871,1.092905263212233,5.518901330080992
3,1150,-0.280508,-0.806307,-0.008792999999999995,-1.110708,1.1107428046640682,5.606153755550841
3,1160,-0.280644,-0.823869,-0.00892900000000002,-1.1282699999999999,1.1283053309902422,5.6939416427217795
3,1170,-0.280778,-0.84116,-0.009063000000000043,-1.145561,1.1455968499825757,5.7831819196645915
3,1180,-0.280909,-0.858186,-0.009194000000000035,-1.162587,1.1626233535436143,5.87319643410687
3,1190,-0.281039,-0.874952,-0.009323999999999999,-1.1793529999999999,1.1793898573351391,5.964272650005217
3,1200,-0.281166,-0.891465,-0.009451000000000043,-1.1958659999999999,1.1959033453239436,6.055655841321726
3,1210,-0.281292,-0.907697,-0.009577000000000002,-1.212098,1.2121358341922739,6.160484742121142
3,1220,-0.281415,-0.92371,-0.009700000000000042,-1.228111,1.2281493062005937,6.244741924052754
3,1230,-0.281537,-0.939506,-0.009821999999999997,-1.2439069999999999,1.2439457770871685,6.330527920954093
3,1240,-0.281656,-0.955089,-0.009941000000000033,-1.25949,1.259529230935511,6.417062672575356
3,1250,-0.281774,-0.970462,-0.01005900000000004,-1.274863,1.2749026834429364,6.504719740194984
3,1260,-0.28189,-0.98563,-0.01017499999999999,-1.290031,1.2900711265608573,6.5926344070113725
3,1270,-0.282005,-1.00059,-0.010290000000000021,-1.304991,1.305031568269902,6.684294618088861
3,1280,-0.282118,-1.01536,-0.010402999999999996,-1.319761,1.3198020001235033,6.770282750779447
3,1290,-0.282229,-1.02994,-0.010514000000000023,-1.334341,1.3343824221253067,6.858512050449015
3,1300,-0.28234,-1.04445,-0.010624999999999996,-1.348851,1.3488928463098913,6.891597290879806
3,1310,-0.28245,-1.05882,-0.010734999999999995,-1.363221,1.3632632669686364,6.958738534848991
3,1320,-0.282558,-1.07302,-0.010842999999999992,-1.377421,1.3774636771581312,7.04205010035401
3,1330,-0.282665,-1.08707,-0.010950000000000015,-1.391471,1.391514084133179,7.117231563298539
3,1340,-0.282771,-1.10096,-0.01105600000000001,-1.4053609999999999,1.4054044882015282,7.199214616647548
3,1350,-0.282875,-1.11472,-0.011160000000000003,-1.4191209999999999,1.4191648805692028,7.267234634596358
3,1360,-0.282978,-1.12834,-0.011263000000000023,-1.4327409999999998,1.4327852694140877,7.341934297092741
3,1370,-0.28308,-1.14184,-0.011365000000000014,-1.4462409999999999,1.4462856541174705,7.407196327890059
3,1380,-0.283182,-1.15522,-0.011467000000000005,-1.4596209999999998,1.4596660425350723,7.473624597358526
3,1390,-0.283283,-1.1685,-0.011568000000000023,-1.472901,1.472946426189697,7.529902945625859
3,1400,-0.283382,-1.18166,-0.011667000000000038,-1.4860609999999999,1.4861067978479876,7.598569599438549
3,1410,-0.283482,-1.19481,-0.011767000000000027,-1.4992109999999998,1.4992571776749977,7.604343092403021
3,1420,-0.28358,-1.20779,-0.011865000000000014,-1.5121909999999998,1.5122375470494043,7.70394101397222
3,1430,-0.283677,-1.2207,-0.011962000000000028,-1.5251009999999998,1.5251479107434136,7.745715176591193
3,1440,-0.283773,-1.23352,-0.012058000000000013,-1.5379209999999999,1.5379682693752168,7.800093809539156
3,1450,-0.283869,-1.24626,-0.012153999999999998,-1.5506609999999998,1.5507086304773696,7.849071089759172
3,1460,-0.283964,-1.2589,-0.01224900000000001,-1.5633009999999998,1.5633489868234793,7.911169373858412
3,1470,-0.284059,-1.2715,-0.012344000000000022,-1.575901,1.5759493444070467,7.936282707596649
3,1480,-0.284153,-1.28403,-0.012438000000000005,-1.588431,1.5884796963150016,7.9806218320584215
3,1490,-0.284246,-1.29649,-0.012531000000000014,-1.6008909999999998,1.600940042550626,8.02545917336539
3,1500,-0.284339,-1.30888,-0.012624000000000024,-1.613281,1.6133303909419794,8.070798079397395
3,1510,-0.284431,-1.3212,-0.012716000000000005,-1.6256009999999999,1.6256507336623691,8.116657325977103
3,1520,-0.284523,-1.33347,-0.012808000000000042,-1.6378709999999999,1.63792107792317,8.149730592275349
3,1530,-0.284614,-1.34569,-0.012898999999999994,-1.650091,1.6501414159041037,8.183079727911128
3,1540,-0.284705,-1.35785,-0.012990000000000002,-1.662251,1.6623017557293862,8.223454396569599
3,1550,-0.284796,-1.36998,-0.01308100000000001,-1.674381,1.674432096479878,8.243791502390048
3,1560,-0.284886,-1.38207,-0.013170999999999988,-1.6864709999999998,1.6865224306489373,8.27106998050667
3,1570,-0.284977,-1.39411,-0.013261999999999996,-1.6985109999999999,1.698562774160849,8.30541087976993
3,1580,-0.285066,-1.40611,-0.013351000000000002,-1.710511,1.7105631032855817,8.333104780759783
3,1590,-0.285155,-1.41806,-0.013440000000000007,-1.722461,1.7225134339450012,8.36796929306535
3,1600,-0.285244,-1.42997,-0.013529000000000013,-1.7343709999999999,1.734423765831753,8.396071658694371
3,1610,-0.285333,-1.44193,-0.013618000000000019,-1.7463309999999999,1.7463840962070742,8.360973055254226
3,1620,-0.285422,-1.45385,-0.013707000000000025,-1.758251,1.7583044278082223,8.389028371523588
3,1630,-0.28551,-1.46574,-0.013795000000000002,-1.770141,1.7701947525360027,8.410199240930847
3,1640,-0.285598,-1.47759,-0.013883000000000034,-1.7819909999999999,1.7820450784898791,8.438586448104244
3,1650,-0.285686,-1.4894,-0.013971000000000011,-1.793801,1.7938554056673575,8.467165938526648
3,1660,-0.285773,-1.50119,-0.014058000000000015,-1.805591,1.8056457256740592,8.481533999345116
3,1670,-0.28586,-1.51295,-0.014145000000000019,-1.817351,1.8174060466021345,8.50316931073468
3,1680,-0.285947,-1.52469,-0.014232000000000022,-1.829091,1.8291463681469016,8.517654275369646
3,1690,-0.286034,-1.5364,-0.014319000000000026,-1.840801,1.840856690609565,8.539474495158899
3,1700,-0.28612,-1.5481,-0.014405000000000001,-1.852501,1.8525570056076546,8.54677844283058
3,1710,-0.286206,-1.55978,-0.014491000000000032,-1.8641809999999999,1.8642373212233467,8.561412490057455
3,1720,-0.286293,-1.57145,-0.014578000000000035,-1.875851,1.8759076449241843,8.568742612754036
3,1730,-0.286379,-1.58311,-0.01466400000000001,-1.887511,1.8875679611651073,8.576096731325375
3,1740,-0.286465,-1.59476,-0.01475000000000004,-1.8991609999999999,1.8992182777187565,8.583457757521359
3,1750,-0.286551,-1.6064,-0.014836000000000016,-1.910801,1.9108585945843821,8.590831431342268
3,1760,-0.286637,-1.61804,-0.01492199999999999,-1.9224409999999998,1.9224989114600297,8.590831423945804
3,1770,-0.286722,-1.62968,-0.015006999999999993,-1.934081,1.9341392205862533,8.590837143209308
3,1780,-0.286808,-1.64133,-0.015093000000000023,-1.9457309999999999,1.9457895371827858,8.583457725926802
3,1790,-0.286893,-1.65297,-0.015178000000000025,-1.957371,1.957429846335495,8.590837123662201
3,1800,-0.286979,-1.66462,-0.015264,-1.969021,1.9690801629535044,8.583457710103595
4,764,-0.602776,1.26636,0.0,0.0,0.0,nan
4,770,-0.603149,1.24336,-0.0003730000000000677,-0.02299999999999991,0.023003024344637725,2.2205775742660907
4,780,-0.603858,1.19963,-0.0010820000000000274,-0.06672999999999996,0.06673877152000922,2.2864591657487923
4,790,-0.604539,1.15755,-0.00176300000000007,-0.10880999999999985,0.10882428161490416,2.3761147191638816
4,800,-0.605195,1.117,-0.00241900000000006,-0.14935999999999994,0.14937958749775682,2.4657686047013985
4,810,-0.605831,1.07773,-0.00305500000000003,-0.18862999999999985,0.18865473735106666,2.5461392349486522
4,820,-0.606443,1.03989,-0.003666999999999976,-0.22646999999999995,0.22649968606821505,2.642360563027736
4,830,-0.607033,1.00339,-0.004257000000000066,-0.2629699999999999,0.2630044542379462,2.739368170619352
4,840,-0.607602,0.968135,-0.004825999999999997,-0.29822499999999996,0.29826404560556735,2.8361077403701835
4,850,-0.608152,0.934067,-0.005376000000000047,-0.33229299999999995,0.33233648494409995,2.9349234143887597
4,860,-0.608684,0.901111,-0.005908000000000024,-0.36524899999999993,0.36529677861295184,3.033953550435199
4,870,-0.609198,0.869186,-0.006422000000000039,-0.3971739999999999,0.3972259160226079,3.131935533271185
